Test 3, 1000 atoms
1000
     0       0.353727       0.109228       0.833993       -3.02891       0.470188        1.17237
     1       0.747288       0.202254        1.86695      -0.607609        0.14608       0.512687
     2        1.82117        1.34728        2.24159        0.59786      0.0884364        1.39437
     3       0.551788        1.68557        4.42412        -1.9467        1.44639       0.503126
     4        2.22599       0.980124        5.28431      -0.801259        1.35617      -0.187001
     5        1.79467        1.63003        6.18788      -0.208902       0.723766       -1.29686
     6        2.18357        1.63571        7.19486        2.11491        1.32796      -0.617384
     7        1.55139        2.41601        7.17033        -1.0554      -0.394619       0.514504
     8        2.58408       0.319731        7.58561      -0.543582      -0.458303       0.372472
     9       0.535543         2.0627        9.97623        1.82202      -0.409186      -0.404134
    10       0.134571        1.61449       0.849669      -0.300175       -1.64247       0.200906
    11      0.0251679        2.59797        1.60022        1.47918       -1.43436       -1.21197
    12        1.01152        1.64733        2.78247       0.643306        1.48734       0.737524
    13       0.698793        2.63635        3.44117        1.43244      -0.436974       -1.30336
    14        2.97415        2.55724        4.52515        1.17614      -0.684344      0.0321626
    15        1.40113        1.64724        5.11622       -1.78479       0.830274      -0.186975
    16        2.31137        2.59674        6.41032       0.195682       -0.58478        0.75575
    17        1.51556        3.39237        6.58955       0.754522      -0.977501       -1.68176
    18        1.36959        4.43762        8.33719        0.64196       0.227994       -1.92638
    19       0.745466        2.43342         8.8576      -0.567331        2.47964      -0.871509
    20        0.75246        2.46357       0.863591       -1.09926       0.889907       -0.41444
    21        1.66146         2.2289        1.31109       -1.62786        0.41468       -1.44353
    22        1.11202        3.66071        3.50242       -1.62431       -1.44806       -1.41693
    23       0.154812        2.94927        4.30276        1.48055       0.215536       0.166687
    24       0.860517        2.65272        5.01261       -1.43647        1.13117       -2.30063
    25        1.34766        2.53636        6.04842       -0.39923       0.953592       0.915897
    26       0.481679        4.19715        6.71638       -1.40938        -1.2503       0.480716
    27        10.3005        4.97774         9.5724       -0.54793       -0.43773       -1.97448
    28        1.65474        3.06284        9.05941       -1.28387      -0.719639       0.144793
    29        1.33633         1.8439       0.205014      -0.353409        2.59129     -0.0911356
    30        1.64434        3.21468          1.197       0.589424        1.48933      -0.819578
    31       0.447285        4.68741        2.20046       -1.04868        1.06598        1.82205
    32       0.525524        6.17311        2.40002      -0.586145      -0.630887        1.50436
    33        1.06931        4.68566        4.58529      -0.179799      -0.325117        0.38649
    34       0.677057        3.76013        4.50186       -1.36985     -0.0998454       -0.61647
    35       0.929474          5.061         6.2313     -0.0413341      -0.217454      -0.442047
    36       0.522516         4.9581        7.96152       0.952573      -0.472264       0.305718
    37        2.03648        4.70593        9.34475       -0.36612       0.509644     -0.0334272
    38        2.68481        4.50434        10.4127       0.473129    -0.00241568       -1.01844
    39        1.95597         3.6598        9.86813       -2.66699        0.94303       -1.44779
    40        1.17178        4.83627       0.819959       0.355338        1.82785       0.456354
    41        1.60775        5.86043        2.73907       0.684194      -0.875208       -1.22072
    42       0.933705        6.29165        3.30563       0.761874      -0.720905        1.96793
    43       0.736213        5.61989        4.02574       -1.60879       -2.63143      -0.556072
    44       0.869702        5.52418         5.1795       -1.21198        0.22467       -1.12979
    45       0.800083         6.4079         6.0782       0.445236        0.29935      -0.340887
    46      0.0607898        5.21941        6.85743      -0.558359        0.63603       0.608649
    47        1.45164        5.58277        9.87724       -1.16312      -0.959781       -1.59771
    48       0.986264        4.76669         9.2098       -1.31495       -1.15208       0.534501
    49        2.05274        5.19238        0.38731       -1.17875        1.04839        1.43389
    50        1.33899        6.04158       0.394591        1.93961       0.511865       -2.51076
    51        1.57066        6.87071        2.47964       -0.85554       0.209421       0.714393
    52        10.3481         6.0674        3.26853       -1.04483      -0.167316        0.12068
    53       0.662567        5.27115        3.03059       -2.59537       -1.47295       -1.23491
    54       0.116687        4.88454        4.66669       0.135044       -2.14213      -0.508911
    55        1.45039        6.54049        5.15268      -0.273405       -1.11115       0.295958
    56         1.4952        6.54886        7.93589       0.273345      -0.503863      -0.281917
    57        10.1501        6.25528        8.31113        1.52602       0.198685       -1.08257
    58        1.05513        8.16953        8.50942       0.283944       0.577615      -0.841612
    59        1.21288        6.63549         10.043      -0.861239         1.6243       0.611516
    60        1.38636         8.0594        1.03864      -0.402982       -2.09884        1.00452
    61        1.11501        7.75998        2.11076       0.769838       -1.07164      -0.749782
    62       0.346808        7.83082        4.14307       0.372915      -0.666625         1.4598
    63       0.522762         6.8414        4.21898        -1.9272        1.28219       -1.72526
    64        1.72873        7.74852        6.54056      -0.475131       0.339519       0.377684
    65        1.74002        5.75949        5.73936      -0.454828       -1.34341       -1.38242
    66       0.661601        7.12127         8.4357        2.14125       0.493861      -0.600797
    67       0.350184        6.85192        7.12527      -0.779094       0.737082       0.213798
    68        1.78243        8.45655        9.58142       -1.11354       0.693007       -1.82276
    69        1.35953        7.83615        10.4289        1.56967        2.40861      0.0344505
    70       0.189757        8.30282      0.0819563       0.295441      -0.880796       0.735626
    71        1.38295        7.25674        3.46878       0.718032        1.09702      -0.676662
    72          1.456        9.36662        4.35221      -0.501974       0.647016       -0.41537
    73        1.80933        8.28468        4.02169       -1.79292       0.333864       0.476498
    74       0.629766        9.43878        4.87184       0.484543    -0.00954704      -0.316274
    75       0.770709        7.45793        6.26705        1.40403      -0.525388        1.91587
    76       0.949876         9.5833        7.00321      -0.223207      -0.798932       0.380159
    77        1.13524        7.47029        7.47355      -0.922702        1.25372      -0.159998
    78        10.1606        7.05233        9.03066        1.35228      -0.636569       0.725921
    79          1.001        9.00767        10.1807       0.251434       0.525622      -0.296751
    80        10.2939         9.0976        9.80246      -0.558463       0.187725        1.51224
    81        1.03176        9.51451        1.64526      0.0504744       0.495837      -0.100749
    82       0.856689        10.0182         3.6683      -0.334842       0.376776      -0.685651
    83       0.540441       0.771852        3.81361       0.315038      -0.318727       -2.57571
    84       0.524886      0.0436465        4.42375      0.0476943      -0.805065      -0.552899
    85        2.01093        8.88104        6.96957        2.10662       0.337175        1.52889
    86        1.31477        10.3873        7.67337     -0.0601463       0.679371       0.282154
    87       0.403782        9.90292        7.99631       -1.41659      -0.745797       -1.32668
    88        1.39885        9.86979        8.67513      0.0481109       0.190564          1.304
    89        1.09168        10.2898        10.2729       0.868431        2.13629       0.329471
    90        10.1137        10.0529       0.260057      -0.305456      -0.660425      -0.496297
    91        10.2966        9.91428        1.60803       0.776391       0.565674       0.153691
    92        10.1431      0.0893558        3.47482        -1.5467        2.74885        1.21703
    93       0.175646       0.750254        5.09631      -0.601079      -0.418661      0.0573859
    94        1.09716       0.193436        6.40938       0.549186       0.357922      -0.909543
    95         1.1857       0.892461        5.77494       -1.29893       0.645919       -0.18332
    96       0.547924       0.340548        8.52234       0.482903      -0.663671       -1.23902
    97        1.54786       0.916235        7.68241       0.415238       -1.19587        0.69848
    98       0.954696       0.530605        9.55561      -0.468614      -0.563619      -0.721661
    99        1.34403        10.3391       0.891736        1.99831       0.706943        2.10058
   100        2.83209       0.343947        10.3536        1.33563       -1.17136       -1.07267
   101        1.78113      0.0150302        1.92479     -0.0955195       0.425253       0.359025
   102        2.00603        1.17513        3.44335      -0.183266      0.0073992        0.48785
   103        2.34693         1.6105        4.36848       0.157338      -0.868665       0.966998
   104        1.34782       0.701288        4.75079        2.08134      -0.644039        2.04859
   105        2.05338         10.418         5.9302       0.346181      -0.474363       0.357167
   106        2.01729        0.85453        6.57636       -1.29655        1.25194       0.752629
   107        1.77346         9.4118        7.81093        0.19155      -0.675352        2.82388
   108        1.78759        1.13332        9.61984       0.595397       0.563617        1.81458
   109        1.84731      0.0620028        9.48896      -0.374718        0.29954       -1.66841
   110         1.0233        1.06052        1.13741      -0.360231       0.735817      -0.511312
   111        2.97707       0.592065        1.81603       -1.13618       0.291297      -0.649662
   112         1.3668        1.94249        3.86175       -1.06834        0.35516       0.767467
   113        2.26833        3.02589        3.80419        1.96099        1.94433        1.21777
   114        2.51426        2.10068        5.35342       0.722258      -0.722592       -2.23685
   115        3.07887        1.84694        6.21399       0.160066       0.203606       0.995902
   116        3.09176        1.53103        8.06671       -0.94801       -1.06411       -2.89395
   117        2.70303        0.91246        9.46384       0.665168        1.74518      -0.585476
   118        2.36208        2.03297        9.89135     0.00703677      -0.115487       0.870908
   119        1.92378       0.697941       0.092351        1.58808      -0.335335        1.65529
   120        2.37535        1.58092         0.6057       0.318855      -0.121542        1.33566
   121        2.75704        2.16097        1.32283       -1.95771      -0.368044      -0.638548
   122        1.89978        2.32642        3.07512      -0.240998       0.658424       0.322451
   123        1.67247        3.14331        2.41404      -0.276906        1.08728       -1.92682
   124        1.66429        3.80731        4.33395       -2.00742        -1.8913        -1.2303
   125        3.15771        3.23416        6.64925      -0.787906       0.589092       0.526292
   126        2.29822        3.80736        7.23981      0.0369704       -1.62855       0.235305
   127        1.34709        4.21115        7.27406       -1.54102      -0.579528      -0.144795
   128        1.59425        3.17582        7.91715       0.733402       0.533986       -1.54828
   129        2.79276        1.93364         8.9354        1.29511      -0.155312        1.17668
   130        1.99011        2.74928       0.295217       0.283743       0.224911       0.532389
   131        2.47305        3.23276        1.70124       -1.92203        2.79319      -0.402723
   132        1.35283        4.68199        3.50711       0.288544        1.24016        1.84972
   133         2.1086        3.93868        3.51246       -2.23392       0.388304      -0.523397
   134         1.6597        4.72717        5.33684       0.234683        1.34291      -0.205643
   135        3.34545        3.74246        5.65362        -1.4538       0.274015       0.203418
   136        1.19853        5.19423        7.26862        1.33814       -1.43505       0.597994
   137        3.06473        2.31922        7.22923        1.43111       -0.28212       0.521575
   138        2.63811        2.93709        9.25042       -0.11473       0.228257      -0.273132
   139         1.6967         2.0632        9.00489       0.217497        1.57004       -1.84633
   140        2.33487         3.8466       0.804081        1.78637      -0.706653         1.2292
   141        1.55912        4.05425        1.69531       0.978335       0.607551        -2.2937
   142        2.00132         5.4962        3.63777        1.48627       0.579867       0.224277
   143        3.11718        5.40304        3.37117       0.754462      -0.740272        1.66427
   144        1.76693        4.52912        6.32541        0.31405         1.7665       0.851827
   145        1.15542        3.82932         5.7445       0.941288       -0.38477       0.804316
   146        2.21066         3.8422        8.47889      -0.403944      -0.695937        1.54557
   147        3.14942        3.90115        9.05839       0.579883      -0.753019     -0.0139626
   148        2.97669         5.9728       0.586717      -0.807364         1.3858        1.74243
   149        3.13346        4.97665       0.936639       -1.21796      0.0827364        2.12414
   150        1.44864        4.90348        2.26025       0.652887      -0.590275      -0.231602
   151        2.31398        6.38783        3.30135       0.111181       0.950703        1.05864
   152        1.63883        6.39789        4.11928      -0.923061       0.125404        1.68896
   153        1.94292        5.56512        4.66413       0.993448      -0.175207      -0.745995
   154        1.58587        7.30268        4.43916       0.362379       -1.25792       -1.15706
   155        2.61748        5.61826        5.35344      -0.448339      0.0245207        1.47889
   156        2.12653        4.66541        7.65671      -0.129858      -0.526589       0.116495
   157        2.91337        4.88293        8.64798      -0.300479      -0.630734       -1.51113
   158        2.14005        6.04016        9.15891      -0.853519      -0.468835       0.723877
   159        1.92608        7.01888       0.574421       0.306032       -2.35373       0.326857
   160       0.992327        6.38216        1.59828       0.930131      -0.749649        1.08779
   161        2.52106        7.86162       0.605751        1.30517       0.653844       0.592924
   162        1.90334         8.0223        2.81821       0.712844       -0.92283       0.797066
   163        2.43466        7.38402        3.73379        3.50902       0.657599        0.30318
   164        1.83053        7.70163        5.45325     -0.0866093       0.912259      -0.479742
   165        3.68693        6.01999        5.15948        1.64482      -0.277072       0.882619
   166          2.274        5.69342        7.77249       0.228117      -0.129456        1.50758
   167        2.19576        7.01561        7.22164      -0.756934      -0.181757       -1.13667
   168        2.73689        6.92292        8.98127       -1.84152       0.278739       -1.07553
   169        2.48749        6.45718        10.1897        1.75723      -0.106001     -0.0805165
   170        1.43554        8.78804        2.29692      -0.495884        1.54797      -0.802193
   171        0.91679        8.23427        3.19166      0.0241525      -0.340236         0.4514
   172       0.551373        8.85941        3.87338       -1.62238        1.89687      -0.204641
   173        2.60352        7.92772        4.65301       0.278329      0.0617417      -0.744964
   174        2.93248        8.61568        5.48157       0.400315      -0.867673      -0.193392
   175        2.53885        6.39891          5.924       0.434702         -1.431      -0.603779
   176        1.39383        6.23302        6.96887         1.6275       -0.44601       0.447002
   177        3.67103        8.25805        7.08296       0.550356      -0.351782       -1.04025
   178        1.94933        7.48736        8.65264       -2.68696       0.479226      -0.305622
   179        2.54677        7.64326          9.927       -2.12276      -0.217609      -0.292904
   180        1.99221        8.63788       0.192013     -0.0133122       0.813913        1.27019
   181        1.44009         9.9002        2.73439       0.275673      -0.533599     -0.0655755
   182        1.79893        9.07394        3.35017      -0.214179      -0.653788       0.458542
   183        3.22812        8.94732        4.43402       0.197048       -2.83676      -0.365929
   184        1.23499        10.3004        5.31838        0.68802      -0.596339     -0.0597457
   185       0.424945        8.61135         5.8132       -2.61461       -1.03918        2.13505
   186        2.04208        8.54168        6.02842         1.8529       -1.14096      -0.778221
   187        2.66056        8.07869        7.43324        0.69236     -0.0533683        1.35446
   188        3.39182        8.03361        9.17669       -1.55501       0.373257        0.76406
   189        2.65366        8.28927        8.50702      -0.777622        1.95771       0.118423
   190       0.362808        9.52719       0.711483       0.233498        1.22668      -0.812536
   191        2.42043        9.56807        1.45874       0.580837        1.17495       -0.96274
   192        1.14322       0.678898        2.99464       0.242027       0.440238       -0.89606
   193        3.13469        1.26653         2.6822       0.139903       0.345187       0.256734
   194        1.55908       0.181639        3.88095        1.09626       -1.23829      -0.349225
   195        1.45466        9.40252        5.97522      -0.560273      -0.339354         1.3559
   196       0.593207       0.703995        7.11216      -0.875224       0.862707       -1.27687
   197        1.46687       0.449963        8.65217      -0.567841       -0.30781      -0.653489
   198        3.46262        8.74829        7.86651     -0.0932982     0.00698511       0.967623
   199        1.76417         9.5048        9.59048       -1.34406       0.430484       -1.45588
   200        3.75287        10.2449       0.299434       0.481123        1.02377        1.79237
   201        2.66124        2.09106         2.3186       -1.06121       -1.43384       -1.98092
   202        3.49112       0.643454        4.18715       0.471215     0.00347759      -0.860168
   203        3.88426        2.07766         5.3434       -1.34815       0.298118         2.2908
   204        2.95659      0.0477533        5.12593      -0.291885      -0.837714       -1.78233
   205        2.96303       0.568374         6.0369       0.670917       -1.44832      -0.513633
   206        3.21116         10.283        6.72018       0.586292     -0.0742244      -0.605204
   207        2.32145        10.3216        8.45112        1.12662       0.940331        2.30419
   208        3.78223       0.508814         9.9191        0.57826       0.450939      -0.277115
   209        4.19626       0.984762       0.478204      -0.508402      -0.346199        1.82011
   210         2.1695       0.820395        1.21093        1.29495       0.474681      -0.331935
   211        3.52292        1.75765        1.72405      -0.108688    -0.00685682        1.85994
   212        3.79077        2.27285        3.07904      -0.891176      -0.232463      -0.452799
   213        3.30917        2.82273        5.56104        1.51474       -2.32423       -1.60983
   214        1.96613        3.11155         5.4059       -2.59668       -1.37416        2.30878
   215        4.87684        1.79004        5.54957      -0.393599       -1.63634       -1.84768
   216        3.10521        1.07987        6.93293       0.357614     -0.0743274       0.140063
   217        2.85734        3.12015        8.28811       0.604987        1.53561       -1.27452
   218        3.76567        1.45589        9.12942       0.103514      -0.317426      -0.835791
   219        3.32572        1.51718        10.1159       0.669352       -0.58582      0.0832979
   220        3.13492        3.48144        10.4056       -2.39668       -1.63948       0.779713
   221        3.47187        4.03784        1.00101       0.219286      -0.753035      -0.631632
   222        3.53074        2.70223        2.23037        2.96068       -1.19158        -1.3834
   223         2.8293        1.93103        3.44624        1.03388       -1.02575       0.876631
   224        2.70479        3.60999        4.73167      -0.994825       0.811652        -1.4368
   225        3.92081        2.62389        6.44197       -1.06897       0.133601      -0.011787
   226        2.81516        4.57383        6.88056       -1.05978      -0.770925       -1.72785
   227        4.23273        3.51842         6.2609      -0.774032       -1.11655       -1.66815
   228        2.28531        2.17036        8.17664       0.442296       -1.50937        1.15369
   229        3.01365        2.43425       0.217306       0.925771      -0.485167         1.6135
   230        4.01005        4.95641        1.56242       -1.01845          2.636        0.12256
   231        2.37816        4.69499        1.62184        1.48404      0.0264228         1.4349
   232        2.72359        3.18754        2.82042      -0.967692      -0.672215        1.20736
   233        3.34967        3.14745        3.64154        0.16074      -0.985564      -0.946992
   234         2.9807        4.22089        3.90497       -1.28418       0.185847        1.49746
   235         4.9252        3.99745        6.84064      -0.485718      -0.217264       0.639419
   236        5.24716        3.68974         5.8973     -0.0358745        1.16884        1.15572
   237        3.95544        3.77908         7.1643       0.268503       0.735708      -0.346407
   238        3.70728        2.38142        9.43514      -0.216053       0.171896        0.37571
   239        3.79529        3.55169        9.67109      -0.398915      -0.397588        0.82294
   240        1.56114        5.61893        1.33064       -1.03618       -1.73475        1.67521
   241        2.46559        5.33254        2.43386      -0.399426       0.339296        1.13472
   242        2.20193        4.20518        2.53766       -1.02096      -0.421048      -0.590302
   243        2.97869        5.72834        4.42466       0.224098       0.598446       -1.89256
   244        2.28164        4.67293        4.42705       0.784145       0.759155       0.884106
   245        2.43077        3.79944         6.0503        1.59645       -1.27559       0.168025
   246        2.60551        4.79159        5.87711       -0.66216       -2.37617        2.03593
   247        3.29981        4.11553        7.93544        3.33173       0.417093       0.779922
   248        3.93093        4.68409        8.56932     -0.0415934      -0.603488       -1.30202
   249        3.72031        4.34537       0.067301      -0.679573        1.06234      -0.446474
   250        2.42542        6.35829        1.95457       -0.81751      -0.267951        1.18632
   251        3.16751        6.16235        2.68137       0.894228       -1.02213       -1.04775
   252        3.29497        6.48827        3.56073       0.509725     -0.0722871        1.12288
   253        3.19817        7.14075        4.38958      -0.672346       0.439566       -1.18427
   254        2.37743        6.69684        4.88449       0.834303         1.2456        1.21806
   255        3.29527        4.51073        4.95833       -1.58588         0.3595      -0.835785
   256        2.23892        5.48419        6.72135        1.77947       0.783084      -0.859903
   257        3.31069        6.03976        8.80783       0.165899      -0.176128       0.521382
   258        2.69787        5.46589        10.0095        1.45218       -1.45639       -1.52308
   259        3.85079        5.71419       0.799599        1.86891       -1.13308        1.14858
   260        3.13412        7.00189       0.294818        1.69704       0.559063       -1.20558
   261        3.10261        7.73822        1.50589       -1.91282      -0.874763        1.05752
   262         2.7724         7.2281        2.71472       0.581466       0.234621      -0.195775
   263        2.77186        8.46195        3.71132      -0.530622        2.55037      -0.388706
   264        3.66689         8.0358        4.86008      -0.379998       -1.06962        0.67838
   265        3.81527        7.58618        6.18016     -0.0736668       -1.07944      -0.526901
   266        3.37067        5.54487        6.15209      -0.438358        1.62644       -2.13221
   267         5.0153        4.87883        8.69714       0.932788      -0.434668       0.709175
   268         2.7871        6.46211        8.06082       0.824235       -1.25399        -2.1281
   269        3.42256        6.49833        9.79478     0.00403801        1.92517       0.699689
   270        3.42285        8.64836        1.21289      -0.925748       -1.15111       0.208135
   271        1.93907        7.42058        1.53741       0.162358       -1.29661       -2.62803
   272        2.40411         9.0602        2.45269        1.40281       -1.25873      0.0217324
   273        3.41611         9.1236        3.32864        1.73224        1.58132     -0.0293261
   274        3.35481         9.5229         5.3214       0.208306      -0.702199        -2.0863
   275        2.94705        7.41705        5.66418       0.563046        1.00399       0.686883
   276        2.92019        8.09155        6.33502        -1.1344      -0.978064       -1.52625
   277        3.24325        7.23068         7.0985       -1.33514      -0.770032      -0.528359
   278        3.89081        7.04531        9.00985       -1.22766       0.116325        1.85674
   279        3.70768        7.82336       0.609383       0.110345     -0.0908866        1.60354
   280         2.2863        8.49945         1.4201      -0.857385      -0.194895       -1.43071
   281        2.59602        9.79675        3.08192      -0.459048       0.527153       0.934097
   282        2.36056        9.64476        4.04402       -1.46965      -0.911519      -0.715433
   283         3.3999        9.96689        4.35773        1.10803      -0.152893      -0.994779
   284        2.16294        9.71853        5.14753       0.241382       0.176292       -0.28833
   285        2.14048        8.77117        4.96322        1.14799      0.0391865        1.17883
   286        2.88829        9.34416        7.22702     -0.0531422      -0.758607        1.57571
   287        4.19213        7.85729        8.40488        2.66474        2.28138       0.459066
   288        2.68626         8.8392        9.80937       0.297999       0.390384        -1.8799
   289        3.02611        9.21652       0.435746       0.836004      0.0698469      0.0732383
   290        1.33137        9.11502       0.703652       0.047843       0.202063      -0.118391
   291        3.56346        9.70108        1.17544        1.41935      -0.230051      -0.481081
   292        2.11017        0.12848         3.0071       -2.54304      -0.638638       -1.02579
   293        3.21271       0.309937        3.12008      -0.265232      -0.301793       0.558519
   294        2.47876       0.311314        4.20059      -0.893621      -0.771051      -0.933533
   295        3.87029        9.96034        6.10766     -0.0303697       -1.14107        1.57108
   296        2.07437         10.153          6.849      -0.476703      -0.538382     -0.0167044
   297        1.75244        8.24375         7.9131       -1.34625      -0.919596      -0.853563
   298        3.14855        7.48374        8.17732       -2.00396       -2.26386       0.480773
   299        2.16217        9.13091        8.67623       0.231747        1.54887       -0.27865
   300        4.75287        10.3787        10.2953      -0.756036       0.136742       0.713376
   301        4.47034       0.708778        2.10147       0.716471         -0.726       -2.42118
   302        4.42917        1.75472        2.30409       -1.01627        2.37199      -0.652273
   303         5.5716       0.289994        4.06842       -1.65121       -1.20838       -1.37957
   304        4.54022        0.40497        4.22817      -0.343398      -0.107978       0.334373
   305        4.77782       0.756728        5.62165      0.0706175      -0.407074       0.597055
   306        3.31727       0.329447        8.79253       -1.38025      -0.999977       0.658781
   307         4.4034        0.73999        8.64325       -2.83406       -2.33571      -0.304251
   308        4.85642        1.23218        10.1925       0.680897       0.603915       0.166499
   309        4.04772        10.1037        9.08278      -0.939553     -0.0900812     -0.0222264
   310        3.20297       0.926767       0.697213       -0.59677       0.563312     -0.0524563
   311        5.27271        1.26959        2.54895       -0.11322        1.80716        1.69188
   312        4.78523        2.24027        3.41611        2.14676       0.348657        1.81603
   313        3.88826        1.37314        3.52227      -0.389012        0.10794      0.0875409
   314        4.31514        1.41684        4.66312        1.34759      -0.880815       -1.76324
   315        4.69792        2.77073        5.40113       0.361221      -0.514215       -1.61929
   316         3.9984        1.31849        6.05399       0.534066        2.29726       0.417896
   317        3.80599        0.53824        7.80639       -1.02349      -0.135923       -1.59134
   318        4.65155        2.06578        8.99863      -0.147237        0.79153       0.140692
   319        3.80194        2.04165       0.760184        1.80503         0.4729      -0.858632
   320        3.23876        3.03388        1.09839       0.777961        2.65219      -0.666531
   321         4.6085        2.90913        2.68106     -0.0695196    -0.00376016        1.04396
   322         4.7095        3.15217        3.83434      0.0490792      -0.909278       -1.13168
   323        4.98208        1.26724         3.7742      -0.229532      -0.489702      0.0963175
   324        4.06751        3.17081        4.78501        2.12105        1.27213        2.26948
   325        4.90324        2.35455        6.90628      -0.530171       -1.11761        1.60955
   326        4.13313        1.72793        7.09263        1.95476      -0.463822        0.18813
   327         4.1494        1.54546        8.06915      -0.695759      -0.247643       -1.36935
   328        4.24711        2.08244        10.2238      -0.137615       0.791282      -0.964446
   329        3.96228         3.0336        0.15339       0.103901       0.463258      -0.863306
   330         5.3078        2.40581        1.57283      -0.430139      -0.604542       -2.34314
   331        4.33298        3.88634        1.73901       0.405372        1.36051       0.620024
   332        3.26785        3.80864        2.09738      -0.860372        1.46987       -1.35291
   333        3.97323        2.23415         4.2516      -0.800879      -0.590585       0.605763
   334         4.2016          4.061        4.22492       0.225413       -2.01761       0.873158
   335        5.81492        2.74546        7.28098      -0.488948      -0.651865        1.04584
   336         3.9207        2.68963        7.60327       -2.34901       0.133581     -0.0158802
   337        5.74108        3.91093          8.233       0.680148       0.114622      -0.600768
   338        4.16473        3.20661        8.53199       -1.91957       0.776165       0.628877
   339        4.76816        3.82759        8.94581       -0.72777       0.292371         1.5724
   340        3.25097        4.65899        2.54639       0.206883       -2.34066        1.67872
   341        4.28649        4.97765        2.57494     -0.0566287       0.353479       0.431881
   342        4.11504        5.85721        3.06448      -0.650979        -1.5859       -1.71712
   343        3.85968        3.84251         3.1331       -1.64566       -2.38259       0.971628
   344          3.628        4.97025        4.08773       0.144119      -0.738375      -0.784648
   345        4.35187        4.08486        5.39295       -1.01187      -0.465474      -0.479381
   346        3.65915        4.52548        6.16124       -1.45999       -2.49274     -0.0776573
   347        5.21593        4.82636        7.51237     -0.0883922       0.169646      -0.626843
   348        3.57522        4.68315        9.58792       0.429296      -0.159994        1.00815
   349         4.5263        4.84168        10.0367       -2.31564      -0.302723        -1.6564
   350        3.23012        5.57872        1.79643        1.56741       0.591423       0.325714
   351        4.82805        5.70152        1.78406        1.80827       -0.42707      -0.700798
   352        3.70738        7.52587        2.51185       -1.01137        0.39639       -1.45323
   353        3.94591        5.92496        4.16339       -1.26168      -0.484012      0.0125557
   354        5.09074        4.86082        4.56167        1.27589        0.83766       -1.24192
   355          3.942        6.13133        7.12086       -1.49326       -2.49556      0.0795076
   356        4.13668          5.167        4.99874      0.0780242       -1.73249      -0.421452
   357        3.48891        5.50089        7.93996       0.358303      -0.641355        0.80518
   358         3.6625        5.49153        10.1429       -1.89964      -0.545389        1.42723
   359        4.53223        5.84579      0.0584938       0.420321      -0.549644        1.71948
   360        4.27846        7.16856        1.60829       0.589265        0.57874      -0.183327
   361        4.38036        6.58342        2.44615      -0.234131       0.878541       0.311041
   362        3.00101        8.30147        2.68144       0.025127       0.912854      -0.685897
   363        4.18709        6.90836        4.56617        1.20553      -0.682013      -0.364162
   364         4.5256        7.44516        5.35845        1.71711       0.920372        1.25218
   365        4.59377        6.91536        6.45499       -2.77939       0.149561      0.0138485
   366        3.83779         6.9008        7.91025      -0.505394        0.35618       0.592973
   367        4.43113        5.68406        9.41146      -0.404247        1.43268        1.02865
   368        3.69096        7.45079        9.96594        1.32756       -1.57393       0.290037
   369        4.41771        6.97144       0.253001       0.315027      -0.369722        1.54554
   370         4.0509        9.18215       0.357943       0.469699      -0.589457        1.93044
   371        4.06006        8.23384        1.86686       -1.42533      0.0781569       -1.72637
   372         3.8673        9.98607        3.39002       0.545611        1.03104       0.978542
   373        3.74806        7.93492        3.80509      -0.678215       0.745218       0.616482
   374        4.93287        7.53585        3.81337      -0.297709       -1.66555      -0.769988
   375        2.56909        9.50814        6.16423       0.326886      -0.275192      -0.273926
   376        3.60443        6.64927        6.08186        1.51866         1.7352       0.569297
   377        4.36695        7.49521        7.41898       -2.52007       0.888741        2.44311
   378        4.82794        8.59114        7.43149       0.229016      -0.492694      -0.452599
   379        4.57805        7.90047        9.38999        1.02689      -0.404536       -0.39047
   380         3.7415        9.18863        2.19628        1.51041      -0.439329       0.774386
   381         4.3928         9.1308        1.33928        1.66962       -1.22841       0.549216
   382        3.22169         10.115        2.14775       -1.06555       0.248259        0.11477
   383         4.3653        8.62416        5.52224      -0.391059      -0.651766      -0.135117
   384        3.63274        8.89213        6.20357      -0.961718        2.65129      -0.108594
   385        4.83045        9.16354        6.34224       -1.62686      -0.537034        -1.7904
   386        4.60952        8.21837        6.52712        1.27901       0.112868       -1.36642
   387        4.13829        9.22296        7.03422       0.590429        0.45029      -0.625295
   388        3.31544        9.15998         8.9212       0.219511        1.30622      -0.876656
   389        3.55687        8.48935        10.1102      -0.539642        1.40217       0.931774
   390        2.05412        9.88477      0.0571967       -2.34122       -1.26641       0.189468
   391        4.07253      0.0870008        1.22507       0.298669       -3.09998      -0.932772
   392        4.30742       0.523036        3.09209       -2.53758      -0.236398      -0.509724
   393        4.93728        9.79829        4.03547      -0.910313      -0.438218       0.747326
   394        4.41539        9.68261        5.24208       0.458461      -0.840452       -1.12412
   395        3.16279        1.31123        5.38309       0.703181        1.60877      -0.872478
   396        4.30775       0.585184        6.82948       -0.49016      -0.945276       0.115947
   397        3.37139        9.95034        8.17683       0.539784      -0.491511      -0.570982
   398        4.49547        9.25729        8.19847      -0.593072      0.0398929      -0.935524
   399        2.81597        10.0697        9.29477       0.767449       -1.73768       -1.26618
   400        6.44208        0.61237       0.228656         1.9432      -0.297501      -0.926389
   401        5.29746       0.362378        1.52463       -1.78256        1.69529     -0.0761769
   402          5.602        2.30853         2.7191      -0.814867        2.00483      -0.201753
   403        5.91192        1.98214        4.05812      -0.204472       -1.12793       0.491009
   404        5.19074        10.4293        4.94467      -0.421864      -0.528073       -1.66427
   405         5.0207         10.114        5.94193       0.655453      -0.469799       0.719295
   406        4.93541       0.676871        7.57395       -1.23063       -1.86204        1.27869
   407        5.74314       0.702859        8.60694       -1.55632     -0.0745596       0.321749
   408        6.47128       0.355699        7.89764       0.889231        -2.5813     -0.0564157
   409        5.02997    -0.00563725        9.13819      -0.791803       -1.30855       0.261157
   410        4.85353        1.50154        1.32067       0.519945        2.10189         1.9358
   411        6.34582       0.210536        1.48702       0.540479       -2.12641        1.12116
   412         6.4219        2.77227        3.46302        1.37049       0.832813       0.943139
   413        5.73419        2.29012        5.16385      -0.481491       -2.49403        2.10163
   414        5.40295         1.2146        4.79809      0.0105316       -0.22927       0.515619
   415        5.92925        1.03095        5.67335      -0.341498       0.673668        1.18003
   416        5.55383         1.8706         7.8418       -1.03894      0.0678313      -0.828594
   417        5.67025        2.73042        8.87326       0.822801      -0.671343      -0.774198
   418        5.09351        1.19773        9.20768        2.08784       -2.28765       0.597978
   419        5.54725        1.50875       0.356199       0.673239       0.632599      -0.891635
   420        4.20727         2.7294        1.45654       0.864286        2.03914       0.120252
   421        5.50132        3.21524        3.11404        1.34389        2.77826        1.96307
   422        4.78886        4.07666        2.84527      -0.194181       -1.32899       0.166616
   423        5.99609        3.35253        5.35936       0.993825        1.32676        0.44639
   424        4.89078        2.29927        4.44018        0.54133       0.642267         1.6891
   425        5.73003        2.36275        6.19401        1.24327      -0.602232        1.63675
   426        5.29545        1.43054         6.5353      -0.589249        1.28727       -1.23377
   427         5.0836        3.06935        8.00705       -1.61043       0.382137        1.27316
   428        4.63045         2.9398        9.58999      0.0571143       0.030058      -0.931869
   429        4.85781         2.5763       0.612365       0.642699        1.69836      -0.730281
   430        5.12634        4.64746        1.53989       0.232422       0.046683       -1.61772
   431         5.3586        3.56617        2.02971      -0.477425      -0.953978       0.283484
   432        4.65655        5.02536        3.75073       0.135189     -0.0507901       0.658772
   433        5.66816        3.07285        4.34785        3.52138      -0.157981      -0.154484
   434         5.1148        3.86311         4.7301       0.899263       0.693192      -0.868537
   435        5.80895        4.46614        6.58285       -0.47546       -1.06772       0.455685
   436        4.48984        4.06016        8.00569       -1.87869       0.749467       0.308491
   437        6.14773        3.89589        7.36778      -0.264162       -0.68029        1.39145
   438         6.2295        2.76041        0.10475       0.596526      0.0855699       0.748098
   439        4.51613        4.89589       0.594281         1.7696        1.60888       0.179171
   440        5.47491        5.57966       0.557183      -0.736585      -0.418472       0.198096
   441        5.64876        4.66453         2.4259     -0.0042118         2.0486       -2.16915
   442        5.02859        5.71817         2.8147       -1.50836      -0.872861       -1.32595
   443        5.42086        4.15271        3.74246        1.98748       0.452757       -2.08317
   444        4.43651         5.1482        6.22811       -2.30509      -0.533444       -1.00618
   445        3.76517        4.79868        7.07769        1.63312      -0.679678       0.664737
   446        6.39454        5.12063        7.30864      -0.183068       -1.94589        1.22776
   447        6.23864        4.87874        8.31907        1.95456       0.706231      -0.555696
   448        5.75116        4.23265        9.17942      -0.274325       0.834327      -0.993049
   449        4.83599        3.80553        10.3662       -2.08954      -0.395365        1.97463
   450        5.64596        4.63357        10.2189        1.05822       0.774537       0.232117
   451        6.08546        5.62097        2.02851      -0.249508       0.343438       0.518729
   452        4.14283        7.01074        3.39972        1.69357        0.41473       -1.38839
   453        5.82196        6.25275        3.26099       0.305456       -1.46693      -0.949573
   454        4.99056         6.2767        3.84711       0.368168       0.426099       0.939978
   455        4.78963        5.97275        4.82855       0.314969     -0.0867108      -0.612951
   456        4.53025        6.10802        5.80741      -0.594537      -0.480805       0.105425
   457        5.10006        5.65117        7.00305      -0.261018       0.530353      0.0195792
   458        5.89127        5.75418        8.88691       0.866001      -0.827192       -1.27617
   459        5.31008        5.52059        9.77507      -0.947337        0.52598       -2.20808
   460        3.40555         6.6165        1.29141     -0.0413623       0.106436      -0.824679
   461        4.83609        6.33298       0.999871        2.24635        -3.1839      -0.761249
   462        4.73917         7.4922        2.68294       0.520459         1.0488      0.0358544
   463        5.78842        7.23476        3.36383       0.440541       0.910729      -0.378133
   464        5.28674         6.9153        4.58375       -1.25882       0.134385     -0.0975608
   465        5.59019        6.81122        5.55352       -1.98114     0.00899721      0.0520641
   466         5.9818        6.41028        7.08865      -0.573304       0.167669      -0.665502
   467        4.48316        5.83493        8.00444       -2.30342      -0.771582       0.272587
   468        5.99342        6.39049        9.55086       0.530336        1.04182       0.778367
   469        6.29255        6.14529       0.120669      -0.833957        2.01763      -0.667837
   470        5.27204        8.75647         1.7509      0.0602952        1.44751      -0.557111
   471        5.28717        7.57703        1.69675      -0.715318        -2.0268       0.514289
   472        4.12939        8.45739        2.90312       0.212712      -0.193118       -1.21926
   473        4.22611        9.09275        4.37219      -0.771731        0.22535       -1.54894
   474        6.10355        7.72436        5.73656     -0.0133065        1.74847        3.15241
   475        5.59212        7.32852        6.48144       0.647058      -0.276878      -0.468956
   476        5.64744        8.69403        6.72108      -0.350255       -1.55459       0.621703
   477        4.96702         6.6379        7.37765       -1.93419        1.14669       0.598361
   478        4.68843        6.61577        9.76589       0.711614        0.70372     -0.0887922
   479        4.58643         8.2427       0.939687         1.2048       -2.39718        -1.2598
   480         3.4962         9.5886        9.91778     -0.0194176      -0.564966      -0.314314
   481        5.78438        8.17969        1.02752       0.129225      -0.780013       -1.39239
   482        6.01831        9.58329        3.03561      -0.199652       -0.59968       0.520269
   483        5.51535         8.8937        4.22874      -0.382985        0.80236      -0.955736
   484        4.69936          8.135        4.51482     -0.0738504       0.328963      -0.482131
   485        5.34219         8.3843        5.59454        0.10847        0.93643      -0.661476
   486        5.84064        9.67254        6.13396       -3.06241       0.174303      -0.601717
   487        6.68537         9.5173        7.99571      -0.953484        0.88435       0.109962
   488        5.29012        8.18463         8.5754      -0.680282       0.768441       0.157433
   489        4.53258        8.30896        10.3912       0.176292      -0.134532      -0.367603
   490        5.79363        9.67713       0.121876      0.0241733      0.0447526      -0.403382
   491        4.65868        9.92825       0.662859        1.09241        0.53082         -1.265
   492        5.09093        9.91827        2.94561       0.131235      -0.780026       0.945747
   493        6.20122       0.286429        3.23668      -0.694173       0.333852      -0.928627
   494        6.34857        9.80735        4.11472       0.840276      -0.964139         1.4727
   495        3.88353       0.382934        5.19361      -0.958068      -0.227634        1.16566
   496         4.4716        10.1441        7.60767        1.05289      -0.534532      -0.148161
   497        5.39228         10.394        8.01875       0.633855        1.57088      -0.457529
   498        5.40532         9.4514        8.62051       -1.05447       0.135986        1.99645
   499        4.41032        8.90398        9.12794       -1.79341      -0.332383      0.0707851
   500        7.30003        10.2615        1.57588       0.900845       0.271215       -1.46954
   501         7.3556       0.932012        3.34627     -0.0347673       -1.66111      0.0818217
   502        7.18683        2.25256        3.16735       -2.45698       0.789519       0.165967
   503         7.2981       0.761793        5.10762       0.389368       0.426846       -1.50007
   504        6.49462       0.850486        4.18085       0.850506      -0.353237        1.02535
   505        6.58827         1.5393        4.89585        0.78149      -0.636201         1.4435
   506        5.37848       0.286255        6.73722      0.0556631       -1.88288      -0.614459
   507        7.37808     0.00299765        8.41661      -0.150475       -2.04524      -0.817202
   508        6.58567        0.63464        9.28942       0.295845      -0.327083      -0.315388
   509        5.50622       0.186149       0.488796       0.161217      -0.482904       -2.33861
   510        6.50409          10.27        10.1301      -0.760861      -0.219511      -0.252412
   511        6.90182        2.47167       0.854624      -0.017992      -0.328651       -2.01072
   512        7.29704        1.41351        2.37894        -0.9065      -0.229696       -0.74633
   513        7.27099        1.78257        4.17478        1.04209      -0.878732       -1.24983
   514        6.63811        2.54201        4.51966       -1.18091      -0.672935      -0.376118
   515        6.75311        2.66777        5.65557       -1.04104      -0.774538       0.945655
   516        6.63872        1.62159        6.29273      0.0575052       0.700898       0.204027
   517        7.12867        2.49663        8.46327       -1.76441      -0.912327      -0.201137
   518        5.98116        1.59346        8.85107       0.131241      -0.503279       0.557519
   519        6.87815         1.5425       0.602675       0.762612       0.218064       0.156525
   520        6.03382        2.00121       0.958645       -1.22068       -1.93162       0.675178
   521        6.16205        3.12343        2.30986      -0.775981      -0.862129      -0.584627
   522         7.2687        2.61188         2.2367       0.606749      -0.381495        0.85199
   523        6.29685        1.46023        3.24282       0.845413       0.528262        1.32807
   524        6.58767        5.04332        5.71202       0.771115        1.30333      -0.895508
   525        6.06833        3.36743        6.44698       0.728771      -0.660371      -0.683863
   526        6.72223        3.48071         8.4683       -1.20054       0.387595       -1.26475
   527        5.36663        2.29915        9.95812      -0.751517       -0.94582    -0.00602357
   528        5.80551        3.22979        1.14637       0.777608       0.300843        0.18025
   529        6.18634        1.47015        9.94092       -1.20266        1.69109        -1.7436
   530        6.00658        5.01931        1.08207       -0.40992      -0.199686         0.2357
   531        6.15916        4.18758        1.64779        -1.0484      -0.634286        0.72892
   532        6.37037        3.88447        2.88317       -1.86213        1.59184       -1.76402
   533        6.45354        3.60275        4.10868      -0.846358      -0.293092        1.91286
   534        5.16924         4.6854         5.5744       0.708329       0.113424       0.150447
   535         7.8921        4.10516        5.44264       0.394902       -1.26969       -2.40401
   536        7.20208        4.34458        7.94912      0.0888659       0.178332       0.621939
   537        6.40096        2.78502        9.50885        -1.7413      -0.536406       0.414356
   538        5.66443        3.30084        9.80151       -1.32599       -1.19932        1.35023
   539        5.73507        4.15104       0.581584       -1.28857       -1.41335       -1.23209
   540        5.87251        6.20998        1.23718      -0.596304       0.276045       0.550895
   541        7.10496        6.00845        2.13497      -0.396968      -0.647971       0.882119
   542        6.63411        4.61205        3.72816       0.875414        1.54653       -1.12565
   543        6.00373        4.36244         4.7487      -0.971086       -1.23188       0.811705
   544        5.95606        6.11294        4.34494      -0.581368       -0.83081        1.03498
   545        5.69425        5.76215        5.42397        2.89782     -0.0617443        2.79485
   546        7.37708        5.33167        8.00574        1.73409       -1.89953      -0.313288
   547        6.77857        4.30548        9.20176        1.01556       -1.51821        0.45366
   548        6.44223        3.99596        10.1825        3.75294       -2.10381       -1.32322
   549         4.4131        3.73774       0.788296       0.942295      -0.322516       0.428837
   550        7.44767        5.45662        10.0376      -0.221673        1.15185       -1.23089
   551        6.34851        6.72764        2.59153       0.458297       0.482535        2.55031
   552        5.32624        6.69005        1.99697         1.5737      -0.380896        0.50886
   553        5.71932        5.09666        3.43284      -0.234969      0.0428074         1.2888
   554        7.02998        6.66125        3.26567      0.0230854      -0.120836        1.29024
   555        6.48271        7.01027        4.98983     -0.0381671         0.9597          1.526
   556        6.02151        5.60983        6.52497      -0.960747      -0.668321        1.21833
   557         5.5402        5.75221        7.80657      -0.650212       -2.02062      -0.428535
   558         7.6977            4.9        9.09273        1.88585      -0.504086      -0.483581
   559        6.41573        5.28472        9.87286        1.63533      -0.330653     -0.0321654
   560        5.43645        6.55647        10.4328      -0.155669        -1.1565        1.85627
   561        6.96085        8.03057        1.31384         2.0131        1.75872       -1.28701
   562        6.26218        8.66181        3.52544       0.131943       -0.66846       -1.03008
   563        6.26405        7.53846        1.92774       0.870222      -0.252065      -0.927297
   564        7.18115         8.0307        4.83289      -0.887317     -0.0328591      -0.159529
   565        6.56091        6.96538        6.26667        -2.6577       0.350408        1.24981
   566        7.06586        5.64815         6.5424       -1.30136      -0.821985       0.295094
   567        6.91442        5.63989        9.03814      -0.523931        -1.2984        1.08747
   568        5.78431        7.35968        9.19742       -1.13475      -0.790536      -0.720427
   569        6.59195        7.23129        10.0363       0.334875        1.57343       -1.00707
   570        5.28114        7.20506       0.734895       -1.86219      -0.358834      -0.904189
   571         7.6447        8.60412        2.87408       0.132348        1.13402        1.72287
   572         5.6137        8.01325        2.67634       -1.79374         1.2878       -2.18135
   573        5.78542        7.80691        4.77495       0.535323       0.621627       0.251491
   574        6.37525        8.72761        4.77858       0.897504      -0.518838      -0.448347
   575        6.22628        8.76552        5.98754      -0.978056      -0.346038        1.80537
   576        6.52085        7.30638        7.68017       0.104277       0.601267        0.87954
   577        5.92942        6.73274        8.38416        1.69378       0.737349        1.26641
   578        6.31831        7.86258        8.43713       0.160787      -0.999065         1.5841
   579        5.45426        7.64346        10.1274       0.188357       0.228242       0.440225
   580        4.79094        10.0069         1.8987       -2.73046      -0.477798       -1.61185
   581        5.51142        8.61863       0.128825       -1.86869       0.667882       -1.18551
   582        6.67139        7.63074        2.96671       -1.25131       0.849972        1.60863
   583        5.12231         8.6916        3.26175      -0.184075      -0.138163       -1.45049
   584        7.20177     0.00538117        3.76953      -0.175888      -0.586044       -1.10868
   585        6.57496        9.60186        5.40322       -1.01176       0.568905      0.0635821
   586        6.94028       0.297904        6.01234       0.790056       -1.58264      -0.714014
   587        4.98163        7.09493        8.52187     -0.0408833     -0.0373242        1.55803
   588        5.30598         8.6875        9.57636        1.20661       -1.33168       -0.39064
   589        5.62338        9.47202        1.16427       0.865934         1.5952      -0.886972
   590        6.43566        10.0529       0.769912       -1.09989      -0.992428        1.60577
   591        6.34695       0.850145        2.41506      -0.274827        1.92917      -0.293337
   592        5.59063        0.17019        2.44243        1.75624    -0.00600564       0.621021
   593        6.95648      0.0115174        2.54748       -1.48501      -0.936536       -2.20338
   594        6.32204       0.397066        5.01485       0.815745      -0.636979      -0.262731
   595        5.32418        9.74519        7.14424         0.5295      -0.694225       -1.02545
   596        6.29802        10.2469        6.96143        1.75152      0.0910106       0.710953
   597        5.82864        8.61184        7.84098       -2.12677      -0.915643      -0.763072
   598        6.29752        10.0907        8.76708       0.214089       0.437559       0.084661
   599        4.85503        9.38368        10.0421       -1.58023      -0.247685       -1.02191
   600         8.0076        0.60261        1.31843      -0.205831        1.34164       0.350523
   601        7.69513        9.74254        2.66461      0.0270381      -0.477028     0.00673331
   602         8.3867        1.15483        2.94486       -0.11547      -0.786822      -0.697719
   603        7.80873       0.699691        4.18155       0.368311       0.164762      -0.319509
   604        7.92729        1.22253        5.69919      -0.262592       0.409408       -1.02094
   605        6.13755        1.00775        7.02372        1.14943     -0.0705121      -0.585188
   606        6.86575         1.3479        7.92809      -0.642269        2.89903      -0.529684
   607        8.22159       0.669482        9.09828      -0.638761     -0.0967208      -0.685617
   608        6.70777         9.1874        9.89403        0.75408       -2.86984       -1.09154
   609        8.25504       0.165019        10.2804       0.778804       0.302939      0.0193689
   610        5.93362        1.16685         1.4494        1.43753       0.733228      -0.171315
   611        7.93286       0.365694        2.44395       0.332492       -1.65666       0.228688
   612        8.17357        2.24047        2.61747      -0.746306        1.02555      -0.201863
   613         8.1881        2.17765        3.66578       0.499625     -0.0832804       -1.67973
   614        7.53296        2.25334        5.24926       -1.68969       0.373182      -0.421123
   615        7.55573        2.18051        6.29939       0.264503        1.24886      -0.125259
   616        8.84821       0.813832        7.21392      -0.833786      -0.183702      0.0276313
   617        7.40437        3.36135        7.47837        2.32443       -0.48144       0.297423
   618        7.01616        1.64685        9.00181        1.34511       -1.03461       -1.44207
   619        5.76367       0.491466        9.86888       0.656593      -0.167601      -0.915331
   620        7.03623       0.872147        1.61048      -0.582176      0.0531436      -0.367298
   621        6.33614         2.0691        1.99634      -0.320146      -0.562312      -0.154739
   622        8.16479         3.2691        3.01765       -1.36206       0.635512       0.903645
   623        7.63764        2.82787        4.28756       0.101347        1.64725        1.41011
   624        7.16255         3.4396        4.98282       -1.07318       0.688032       0.553632
   625        6.77892        2.87463        6.84928       0.347316       0.905478        3.32052
   626        8.18997        3.88801         6.6028      -0.201714       -1.74561        1.80709
   627        7.46108        1.96035        7.35764        1.60059       0.505537       -1.70001
   628        7.97992        2.40874        9.33942        1.02481        1.68596        1.74718
   629        8.03542        1.60599        9.81464       0.416735      -0.604517       0.547604
   630        7.03956        2.14811        9.92146       -1.26687       -1.78245       -0.14049
   631        8.29165        4.26428        1.63633        0.62082        1.27303       -0.65731
   632        6.87408        3.38969        1.40088      -0.255074       -1.14352       0.032598
   633        7.11432        3.52315        3.40163       0.370282         1.4315        1.26385
   634        6.88772        3.98147        5.88848       -1.26996       0.188856        1.46239
   635        7.52787        4.81785        6.12043      -0.955022      -0.197947       -3.04528
   636        7.73159        4.90395        7.18855        1.19825       -2.13674       -1.51528
   637        7.72845        3.91291         8.7584       0.706359       -1.05009        1.29993
   638        8.09075        2.64856        8.00376       -1.50984       0.203759       -1.47785
   639        7.31101        3.22662        9.77029        1.98075       -1.36005        2.64316
   640        7.26162        4.35271        1.21122        1.94987       0.164263        2.25205
   641        6.67098        4.85903       0.348176       -1.35536      -0.626239        1.63585
   642         6.9308        5.16814        1.58033       0.938683       -2.36876       -1.06208
   643        6.61914        4.91138        2.74669       0.270217       0.636995      -0.529401
   644        6.70258        5.41894        4.69188        1.73417      -0.127162       -0.88183
   645        7.60935        5.55055        5.34758         -2.131       0.569802      0.0871826
   646         6.9164        4.38884        6.82985       0.927507      -0.579486       0.329047
   647        8.37158        5.63328        8.05667       0.906893      -0.949475      0.0996389
   648        8.50062        4.64703        8.45761      -0.737453       0.269707      -0.487189
   649         7.5118        4.37243        10.1539        1.01846       0.211802       0.174381
   650        6.90274        5.92646       0.867036      -0.378349       -1.54729       0.378783
   651        7.86383        5.60087        1.38082      -0.486734        1.39166      -0.923596
   652        7.49707        7.09731        2.21007      -0.702269         1.0984      -0.645306
   653        6.72134        5.67109        3.46145       -0.38905       0.618351       0.628691
   654        6.70369        7.42567        4.11966      -0.332373        1.56326       0.606169
   655        6.66504        6.11907        5.47256       0.662289       0.180478       0.624707
   656        7.90352        6.40766        5.84656        1.04966      -0.413899       0.648297
   657         7.5162        6.26424        7.80231       -1.23001       0.668737        1.30473
   658        8.24821        5.80439         9.2449      -0.218361       0.888577       0.867852
   659        7.17338         6.4112        9.56968      -0.588127       0.170376      -0.124828
   660        6.41764         7.0263       0.720503      -0.383551      -0.927534        1.34768
   661        8.38629        7.37576        1.41956         1.1992       0.594632      -0.419316
   662           7.97        6.13285        3.54233      -0.289495       -1.61646        -1.1686
   663        7.20496        8.30588        3.78185      -0.328486       0.378188       0.617202
   664        8.10907        7.53571        6.24976        1.17855      -0.150576       0.929648
   665         7.2726        6.60174        6.79994        1.01222       0.441513      -0.730601
   666        6.54088        5.93288        7.94771       0.661016      -0.808669       0.762618
   667        7.54613        7.71114         8.1005        1.58704       0.547161       0.393572
   668        7.06073        6.81429        8.53575      -0.317691         1.2765      -0.888777
   669        7.29447        6.71457       0.203392        1.85358       -1.30859       -1.52391
   670         7.7424        7.75778       0.726718       -1.31131        0.46864       0.916079
   671        6.50231        9.06097        1.05307       0.197269       0.508887        1.29735
   672        7.17188        9.29577        4.47252        1.09571       0.850239        1.39573
   673        8.25433        8.30808        3.92896       0.402237        1.10817       0.594564
   674        8.07327        8.93304        4.83069      -0.177607        1.55208       -1.98513
   675        7.07268        7.93335         6.0077       0.152254      0.0207939       0.207995
   676        6.32735        8.02485        6.86829        1.17648       0.269661        1.00433
   677        5.48191        7.63678        7.50766      -0.941596       -1.67612      -0.311492
   678        7.36845        8.23059        10.0565      -0.814792      -0.168266       -0.12852
   679        7.95385        9.53351        9.61946      -0.690664       0.475844       0.560788
   680        5.88301        9.72478        9.51769       0.245295        1.08675      -0.413372
   681        7.50054        9.31425        1.50814       -0.93713        1.39822        2.38328
   682        7.00948        9.37676        3.31195        1.76424      -0.373802      -0.163276
   683        8.04139        9.35625        3.51092      0.0720045        1.12232      -0.126446
   684        7.07986        10.2821        4.82029       0.603182       0.578102      0.0954251
   685        7.19359        8.78971        5.54994       0.212096        0.33669       -1.14635
   686        7.21784        8.78109        6.75495        1.14482       0.119832      0.0896758
   687        7.17523        8.41941        9.12059      -0.384154       0.579376      -0.403179
   688        8.22455        8.58482        9.39277        1.68516      -0.921681       -1.64847
   689        6.35009        8.25205        9.65771      -0.571541        1.32072      -0.869178
   690        7.38411        9.62254       0.076926      -0.371114        1.91732        2.10864
   691        6.26766        9.78419        2.06068        1.45993       -2.53419        1.80428
   692        6.79956        8.76643        2.13264       -1.95452      -0.490613       -1.50162
   693        8.96843        9.95358        3.83007       0.601507       0.708678        0.22352
   694        8.03955        10.0232        4.58946         1.3352      -0.512101       -0.37352
   695        5.45473        9.42843        5.06445      -0.146565       0.391727       -1.34559
   696         7.4623        0.99915        6.89194        1.57986       0.878413       -2.66379
   697        6.33884         9.2915        7.00314       -2.11284      -0.576261      0.0349132
   698        6.13181        8.82304        8.87399      -0.883532        1.17685      -0.523762
   699        6.54962        8.21108       0.208396       -1.66643      0.0486623       -0.61573
   700        8.85029       0.599199       0.732043      -0.789082       -1.57923      -0.571271
   701        8.32791        10.0172        1.66416       0.549069       -3.47442      -0.875268
   702        9.23382       0.503536        3.06449       0.702842       0.716116        -2.1485
   703        8.86475        1.08039        3.83557        2.23211      -0.525249       0.242676
   704        8.61146        2.52476        5.97221        2.32244        1.03197      -0.970212
   705        8.28154        1.56841        6.59019      0.0777557      -0.478817       0.487666
   706        7.33713        10.4212        7.28263         0.7237        1.52328      -0.429055
   707        9.17531        1.09865        9.47447        1.13236       0.722709         -1.196
   708        7.34068       0.890975        10.0005       0.879514       0.920717       0.555484
   709        8.03504        1.25252       0.495004        1.18377        1.36272       0.406692
   710        7.42947       0.233173       0.570267       0.409228       0.305655        1.05572
   711        8.97586       0.417009        2.00915      0.0507794        0.12872       0.839161
   712        9.15007        1.96569        3.27876       -1.44858        0.19497       0.011114
   713        9.09426        1.78068        5.34232       0.736125        1.47659       0.614629
   714        8.37734        1.70767        4.58158       0.583442       0.333674      0.0113249
   715        8.40833        2.93317        4.93478        1.57631       0.204469       -1.50616
   716         9.2692        1.74072        6.61582       0.386249      -0.803996        0.90132
   717        9.12961        2.26623         8.8538        1.05576      0.0187757       -1.17297
   718        7.92722        1.69493        8.45013       -1.88028       0.668285        1.07101
   719        7.89412        2.44854        10.3762        2.78322        1.21002      -0.702794
   720         8.3755        1.37793        1.89577       -1.92663       0.215829        1.82203
   721         8.6854        2.36808         1.6385       -1.00855       0.870946       0.381205
   722        8.45464         3.3238        2.02151       0.912774       0.698179       0.996485
   723        9.10759         3.0238        2.77042       0.262462       -1.26958       -1.00816
   724        7.23087        4.53551        4.80111      -0.467755        1.83034      -0.158961
   725        7.55179         3.1464        6.00894       0.498407         -0.623       0.326565
   726         6.4458        2.30773        7.82484        1.08709        0.54454      0.0630051
   727        7.83155        0.76483        7.71539       0.110033        1.25121       0.967963
   728        8.66721         3.2318        8.77291       0.308748      0.0871889       -1.00418
   729        8.70866        3.13774        10.0897        0.39815      -0.731543        0.30322
   730        7.24005        3.38831       0.294558        0.31928        2.04768       0.316844
   731        7.69854         1.7805        1.23472       0.578411       -1.22688       0.775215
   732        7.53711        3.78061        2.47819        0.96859       -1.67961       0.644416
   733        7.62404        4.31762         3.3578       -1.96829       0.631146        1.43024
   734        8.39969         4.9379        5.01346        1.29917        1.58953       -1.86652
   735        8.10184        6.20392        4.59316       -1.32843        3.32984         0.6762
   736        8.10117        2.74048        6.91877      0.0326099        1.00055       0.267424
   737        8.47274        3.59378        7.74912       0.291291         1.4019       0.519827
   738        9.34837        4.26112        9.14898      -0.605237        1.43194        1.36146
   739        8.26528        3.92168       0.300541       0.554299      -0.263549       -1.54253
   740        8.40867        4.89879         10.343        2.12177        1.17079       0.197669
   741        7.65718        4.97249       0.593381       0.536253       0.195185        1.73551
   742        9.18765        5.98611        3.71337      -0.178573        1.18308       0.807979
   743        7.74888        5.01275        3.99969       0.258835      -0.502113         2.8324
   744        7.70354        7.17735        5.31877     -0.0823851        1.04135       0.107964
   745         8.6309        5.83042        5.48633      -0.480631        1.08193      -0.687956
   746        9.22852        4.03995        6.78199     -0.0842246      -0.386711      -0.710958
   747         9.0163        6.44382        7.81288       0.752585      -0.454245       0.606906
   748        8.43418        4.17099        9.60656       0.688309        1.62496       0.574357
   749        8.83401        5.16171       0.844436       0.617776      -0.396429       0.312628
   750         9.1637        5.04106        2.17479      -0.778952       0.390554      -0.463314
   751        7.58019         4.7348        2.23206       -1.55216      -0.718412        2.17593
   752        7.58572        5.36632        3.03246       0.313752      -0.182256      -0.458922
   753        7.08013        6.29251        4.30258       -1.29906        1.51204      -0.607644
   754        8.41413         7.9316        4.92561       -1.23915      -0.572664        0.44831
   755        8.16167         7.1488         7.2728       -1.90709      -0.250804       0.709873
   756        8.03744        5.86105        6.97572        1.25497       -2.19299      -0.796479
   757        8.18504        6.57336        8.52327      -0.103495       0.311787       -1.31827
   758        8.13327        6.70272        9.82334       0.640467      -0.157558       0.473396
   759        7.99222        6.04295       0.378417       -0.36298       0.581029      -0.420874
   760        7.33055        6.80692        1.22299       -1.56103        1.06532       -2.03232
   761        8.59059        6.39053        1.54773      -0.838046        1.09061       0.635387
   762        8.22031        5.52123        2.24875     -0.0098763       -1.23219       0.175243
   763        8.30811        6.85451        2.74408        1.60821       -1.85797      -0.132554
   764        9.19429        8.36191        5.38289      -0.106007       0.709883       0.741296
   765        9.18016        7.63093        6.41304        -0.8091      -0.369755      -0.968195
   766        9.68394        8.24067        7.19289      -0.804796      -0.377667       0.384573
   767        8.39897        7.59551        8.66894       -1.22332       0.371217      -0.657677
   768        7.44091         7.4408         9.2811        1.19748       0.899133        1.01348
   769        8.40948        7.62368        9.91907       0.247532       -1.02822         0.5286
   770        9.61738        7.16322        1.16271       0.819976      -0.155723       -1.13703
   771        7.92242        8.12263        1.97103         2.5924       -1.26465      -0.728573
   772        7.74591        7.67369        3.20129    -0.00670192      -0.198482       -2.09878
   773        9.09793        7.55501        3.70184     -0.0950952      -0.254227       0.435593
   774        9.08937        8.56003        4.40803        2.21004       -1.09218        1.04711
   775         7.4049        7.74688        7.07888      -0.593335       -1.19363     -0.0360261
   776        6.88997        8.62407        7.69797       0.435402       0.780924       -4.15628
   777        8.01255        8.69526         8.3922       0.417184        0.29209        1.30768
   778        8.39137        9.13105     -0.0026923       -1.81254      0.0165291       -0.77121
   779        9.29395        9.70318         10.296      -0.155365        2.04431       -1.46223
   780        7.53766        8.71814       0.582962       0.915354      -0.600148       -1.28027
   781        8.60494        6.99999       0.532809         1.1827      -0.196766       0.353833
   782        9.35776        8.06876        2.93928       0.807086       -1.14932       0.721281
   783        9.04886        8.97799        3.33535        1.65369       0.173206        -1.5672
   784        8.84636        9.86215        5.86314      -0.334457        1.43233      -0.568506
   785        8.16147        8.56572         5.8725       0.642387      0.0708299    -0.00747839
   786        8.17535        9.35987        6.57704      -0.256581       -2.76779      -0.146943
   787        7.72175        9.34044        7.59868        1.24816       -2.11373      -0.949048
   788        7.16603         9.4324        8.95138        1.00951      -0.343689       0.583741
   789        7.46207      0.0376358        9.50517      -0.658441       0.330227      -0.344614
   790        8.69926        8.16697       0.343432        2.39721       -1.15676       0.270868
   791        8.45978        9.11867        2.27615       -1.05266        0.35666      -0.392721
   792        8.28273      0.0890117        3.45658       0.397042        1.35193       -2.15345
   793        8.84844        10.0938        2.64661        0.75376       -1.19566       0.477355
   794        8.59509       0.399136        5.05847         1.4845      -0.896001     -0.0474333
   795        7.79805        9.72525        5.55757       0.541996       0.376427       0.488759
   796        8.07279       0.234995        5.94172      -0.459562      -0.767396      -0.603431
   797        7.06791        9.81365        6.29194      0.0075561        1.19523      -0.979021
   798        8.42512      0.0821345        8.22594        -2.0706     -0.0979886        2.16814
   799        8.17635         10.062       0.723518      -0.442353        1.11272      -0.685389
   800        10.0475         1.8717      0.0942966       -2.39191        1.50451       -1.03965
   801        9.67572       0.178323        1.20168        1.39715        1.42486     -0.0572375
   802        9.89212        1.03982        3.78103       0.333304       0.574041       0.893578
   803        9.16357        2.04009         4.2204       -1.07448      -0.162216      0.0703977
   804        9.92719        1.36241         5.9473       -1.96031       -2.00162        -1.9164
   805        8.96251       0.978443        5.96275       0.026187       -1.61902         -1.664
   806        8.83826        1.12352        8.23703       0.244626        1.82856       -1.43545
   807        10.3388        2.51911        8.22742       0.323298        1.27679      -0.552008
   808        9.22439        1.30405      0.0612895       -1.79279      -0.592929       0.295048
   809        10.0365        2.24967        9.43883     -0.0693894        2.57827       0.799796
   810        9.24961        1.36441        1.28641        -1.0374       0.198123      -0.266065
   811        9.21727         1.3182        2.40962       0.850091        1.71632        -2.4399
   812        8.69382        3.18339        3.99768      -0.996361       -1.35132         1.1127
   813        9.83642        2.73812        3.72192       -1.23521       -1.10041        -1.4583
   814        10.1166        2.20605        5.15186       -1.93328        0.45688         2.2366
   815        10.4298        1.93918        6.71233      -0.634916       0.393636      -0.688124
   816        9.45722        2.68835        7.90834       0.368887       0.494731       0.561015
   817         9.6976        1.68352        7.71055       0.706376        0.39301       -1.23166
   818         8.8916        2.13954        9.92776      -0.594481      -0.468952       -1.21365
   819       0.137041        2.86882        0.04557       -1.01465      -0.138038       -0.57812
   820        8.70569        2.10025       0.510949      0.0187075       -2.14046        1.64776
   821         0.6681        3.62946        1.54638      -0.180415       -1.11515       -0.79072
   822        8.66219        4.09382        2.75303        1.91935       -2.31412       -1.20331
   823        7.84062        3.89175        4.22354        2.05079      -0.232427       -1.04945
   824        9.00113         3.9464        4.64737      -0.400396         -2.233       0.395667
   825        8.87808        3.61103        5.75964        0.47806       0.299121       0.103334
   826        8.73306        1.95144        7.52889       0.320421        1.50606       0.224966
   827        9.33506        4.17596        8.04091        0.42416     -0.0383075       0.735395
   828        9.83464         3.2939        8.55663      -0.748012        1.39105      -0.445512
   829        10.0518        3.23831       0.849081      -0.784384      0.0145838      0.0481562
   830      0.0766581        3.92714        10.3149        1.50807      0.0903745       0.595283
   831        9.48686        3.07205        1.76203        2.06538      -0.611317      -0.187687
   832        7.87073        2.89656        1.23059       0.912479      -0.358077        1.25644
   833        10.1302        4.42919        2.80786       0.230331       0.800391      -0.115133
   834        8.60521        4.49996        3.81578      -0.878975       -2.91927      -0.660519
   835         9.9446         3.7352        6.08598      -0.128378        1.01777       -0.63794
   836        8.67994        4.66428        6.03367       0.647113        2.40817      -0.922728
   837        10.2258        4.68203        8.67882       0.849871        1.06844      -0.368152
   838         9.2348        5.44027        8.42993      -0.935351        1.65274       0.532827
   839        9.45381        2.68157       0.146805       0.275099       -1.34946        0.23093
   840        8.86982        3.31186        1.04199      -0.452537       0.110921      -0.351269
   841         9.2393        4.06587        1.88261       -1.40991      -0.412667        1.95482
   842        8.67232        5.27109        3.17105       0.522611       0.613826      -0.765778
   843        10.1506         5.9803        4.24844        2.20525      -0.820669      -0.629801
   844         9.6386        6.00057        5.57228       0.704239       0.833107        -2.2519
   845        9.63941        5.11566        6.36835       0.658784      -0.528784      0.0498986
   846        8.85181        5.30674        7.12042       0.171462      -0.129083      -0.578849
   847       0.432944        5.53064        8.77832       0.615424       -0.31913       0.439185
   848        10.1281        5.82561        10.1533        2.52898      0.0382269      -0.550632
   849        9.32829        4.34102         10.232      -0.120265       -2.93753        1.09534
   850        9.96149        5.01348        1.52522     -0.0437619        1.31095     -0.0521642
   851        9.05508        7.19904        2.15698       0.652446       0.438607       -1.27667
   852        9.33952        5.27839          4.609       -0.41407      -0.972584      -0.609685
   853        8.02989        7.19653        4.29612       -1.12891       -0.78039      -0.334675
   854        8.90066        6.39225        6.45275      -0.237863    8.91506e-05     -0.0267177
   855        9.69905        7.14011        7.12235       -1.82354       -1.42308       0.149538
   856        8.80763        7.81695        7.71279        -0.8379        2.33483      -0.262827
   857        9.16383        6.68445         9.0107        2.30975       0.340847       0.259199
   858        9.07747        6.85829        10.0005       -1.45434     0.00430279      0.0874928
   859        9.89297        5.21635       0.497136       0.501955       -1.12613       -2.31395
   860        9.05893          5.859       0.212002       0.428222      -0.562124       0.250447
   861        9.78676        6.02602        1.09818       0.168985      -0.338772       0.173367
   862          9.066        6.03572        2.56017        1.35651       -2.95384      -0.241062
   863        9.12895        6.50381        4.65018       0.529712       0.255286       0.796855
   864        8.75078        7.12019        5.49037       0.732757      -0.981609        1.55866
   865        9.83334        7.08454        5.60076        -0.4747       -1.24471         1.5675
   866        9.78702        5.96864        7.17062       0.113718        1.25602      0.0075178
   867        9.56554        7.54951        8.37042     0.00175274      -0.655734        2.30307
   868        9.14972        8.02665        9.30525       -1.09149        1.08225       0.758678
   869        9.80659        6.98527       0.152718      -0.348003      -0.041043      -0.848474
   870        9.66865        7.98981       0.514775        1.27136     -0.0123332        1.19334
   871        9.25473        8.15934        1.51371       -1.11561       0.308909      -0.735827
   872        10.0016        8.35151        3.70967       0.159647       -1.73479       -2.30741
   873        9.31135         7.6182         4.7307       -1.38644       0.956877       -1.12159
   874        9.94517         8.8896        5.80336        1.15592       0.431368       0.440235
   875       0.103281        9.10677        6.82544        1.42701        1.61572     -0.0284958
   876        8.37505        8.34526        6.86956        2.06318       0.920602       -1.11876
   877        9.32429         8.6399         8.3176      -0.334346     -0.0427465        1.39446
   878        9.12623        9.26087        9.19425      -0.430495      0.0861881       0.212441
   879        9.37413        8.71701        10.0767      -0.273656         1.5017      -0.840718
   880        9.93564        9.00229         0.4041       0.690107      -0.597315        1.75497
   881        8.36712        8.71939        1.21207       -1.20521        1.11058       -1.53421
   882        10.2045        8.48875        2.52233       0.651627        1.72964     -0.0233384
   883         9.8119        9.69795        3.15134       0.100971      -0.634018       -1.91084
   884        10.0189        9.78605        6.11375       -1.95989      -0.552009       0.151673
   885        9.14626        8.70503        6.43927       -1.20273       0.507032     -0.0693012
   886        9.26052        9.58879        6.90077      -0.402544      -0.145452      0.0908657
   887        8.21081        9.63773        8.63266        -1.7156       0.368348      -0.200029
   888        9.96989        9.95215        8.55084         2.4881       -1.84425       -1.47253
   889        9.82055        10.0202         9.5835       0.384524       -1.05861      -0.463485
   890        9.25531       0.340508        10.2093        1.23739     -0.0830321      -0.842518
   891        9.20066        9.37203        1.12534      -0.186153       0.481443       0.671704
   892        9.86111       0.239423        2.35221       -1.49902      -0.928282       0.871788
   893        9.89196        1.34638        4.71702       0.645466       0.893036       -1.63672
   894        8.99703        9.50588         4.9112        -1.0208      -0.994928      -0.103239
   895        9.61453       0.249405        5.53575       0.697112       -0.33217     -0.0880374
   896        9.32366      0.0630812        6.48455      -0.722846      -0.339685       -0.95734
   897        8.34768        10.3876        6.84865       -1.86146       0.374639       -1.80401
   898        9.26497       0.326727        8.77276       0.184165       -1.41636       0.120679
   899        8.68955        10.1668        9.40203       -1.55442      -0.610194      -0.447671
   900       0.674882        1.80403        1.79069       0.636267       0.690586      -0.497627
   901        10.3104         1.1122        1.86179        0.51501        1.21816      -0.625668
   902      0.0261526       0.923291        2.96372        1.39449       -1.75285      -0.422994
   903        10.2064        1.89021        3.31439       0.786628        0.65259       -1.11868
   904         9.5368        3.00194        4.78991        1.07327        1.34546       -2.48125
   905         9.9276       0.945574        7.03404       0.143985       -0.70736     -0.0491071
   906       0.299979        1.45447        7.82491      0.0504974      -0.395932       0.273821
   907        1.23385        1.85647        8.09207      -0.564726        1.60417       -1.72643
   908        10.3128        1.18416        9.87642       0.202784       0.671908       -2.21364
   909        0.84336       0.939511       0.111431      -0.381096       0.820648    -0.00831599
   910        9.84964        2.20499        2.27491       -1.03703       -0.19295       0.582536
   911       0.463428        2.58015        2.47921        1.59488       0.613026      -0.837223
   912      0.0279001        3.58393        3.38793       -2.07029      -0.726944       -0.82696
   913        1.38271        2.89396        4.18952         1.3023      -0.842109     -0.0586698
   914        1.05127        1.62152        7.00422         1.0402        1.33393      -0.771728
   915       0.657974        2.73156        7.55728      -0.793978       -0.21421       0.112579
   916       0.695159        3.66883        8.22978      -0.476917      -0.673952       -1.62564
   917        2.23043        1.03095        8.46516       -0.52698       0.828333        2.22044
   918        9.69114        3.46425        9.73949      -0.230822      -0.736873      -0.411246
   919        9.63801        2.29739        1.02003         1.0334       -0.50011       -1.70762
   920        9.59176        4.18597       0.784946       0.915504      -0.286001     -0.0130948
   921       0.770871        3.75694        2.56318        1.01008     -0.0256436       -1.01727
   922       0.324703        4.60458        3.69709       0.624196        1.15595       -0.26793
   923        10.0902        3.32117        2.55225       0.531987        1.11658         1.0877
   924      0.0507413        3.26665        5.27951       0.657864      -0.198195        1.53578
   925        9.83848        2.51345        6.15495       -1.40206        0.93286      0.0383544
   926        8.99659        3.06813         6.9693      -0.357251       0.806166   -4.29715e-05
   927        10.2423        3.99065        7.64572      -0.382836        2.46743       0.132471
   928       0.131789        3.75259        9.06253        1.44197       -1.96903       -1.02623
   929        1.18356          2.909        9.97553       0.738832      -0.684326       -2.57728
   930       0.832362        3.57143       0.450961       0.861201       -1.15126       -1.46475
   931        0.12915        4.50057       0.816882      -0.665138       -1.51581       0.918732
   932        10.2374        4.00369        1.59385       0.825233      -0.915929      -0.723386
   933        9.39241        3.68536        3.50737        1.48446     -0.0320666      -0.817496
   934         9.6885        4.67036          5.378        1.92641      -0.251966       0.782838
   935       0.415533        2.96297        6.18154      -0.235121       -1.14949       0.776314
   936        10.1044        3.19906        6.98962       -1.23592       -1.55841       0.855781
   937         1.3047        5.52814        8.31112       0.371321        -2.2899        0.07198
   938        1.32823        4.42088        10.1917      -0.327373       -1.77708       0.620264
   939        9.21222        5.26626        9.50307       -1.08047        1.48972      -0.228732
   940       0.476717        5.41436        1.59976      -0.716787        1.21543       0.758629
   941        10.0446        5.41155        2.64735       -0.44512      -0.960624       -1.18369
   942        9.73581        4.97924        3.55984        2.34487       -1.14624        1.39486
   943        10.0888        4.00984        4.41544        1.32486       0.304327       0.718787
   944       0.261916         4.3847         5.6048       0.354927       0.584672      -0.621341
   945       0.040878         5.3873        5.87195       0.559723      -0.798963        1.50805
   946        9.71214        5.01018        7.62283      -0.638936        1.02183        1.30315
   947          1.155         6.3185        8.91774        1.55987      -0.897292       0.953593
   948       0.576151         5.9916        9.66071        -0.7243       0.357371       -1.47686
   949       0.541705        5.22687        10.4176       0.970881        0.22927        3.19487
   950       0.958989        7.00464       0.732837       0.206568       -0.49009        1.39337
   951       0.121921        6.87941        1.37322      -0.651166       0.981504      -0.493163
   952        9.91881        6.33059        2.03987      -0.748604       -0.36967       -2.21259
   953       0.617421        7.25454        5.20615       0.710113        0.16224        0.56736
   954       0.116155        6.34136        5.17552       0.315472      -0.501816       0.399465
   955        10.2744        6.40256        6.31975      -0.952201      -0.845104      -0.446338
   956       0.529479        5.99524        7.63835        1.48016       0.105432        0.07419
   957        9.85577        5.91101        9.17424       -1.22977       0.189743       0.977293
   958          1.257        7.34336        9.26822       -1.25565     -0.0945595        1.05203
   959       0.276078        6.17634       0.565812      -0.128343       0.259382       0.593921
   960       0.216095        7.83946        1.08082      -0.268755       0.553242         1.1524
   961        10.0801        7.60756        1.96703        -1.5024         1.3017      -0.102517
   962        9.99574        7.08998        4.04387         2.2452       -3.05324      0.0193304
   963        1.12563        8.25043        4.99246         -1.431         1.6068        1.19634
   964        10.2646        8.07505        5.15003       -1.07384       -2.13242       0.449054
   965         1.7174        6.83311        6.09906      -0.233804        -1.2942       0.691765
   966        9.84239          9.334        7.63874       -1.19955       -1.41107      0.0253066
   967      0.0761145        7.91285        7.80091       0.181421      -0.437048      -0.790051
   968       0.273922        6.93517        10.2737       -1.52559        1.82558      -0.409883
   969       0.642007        8.30919        9.52329       0.199808      -0.599404       -2.72305
   970         9.9934        7.75159        9.90347       -1.02758      -0.382828      -0.932781
   971       0.624223        8.63333        1.69025        1.32403        1.16447      -0.861636
   972        9.66308        7.03588        2.94638       -2.77092     -0.0362565        2.05869
   973        0.42735        7.28215        3.07897     -0.0858193      -0.413856       -1.02688
   974        10.3366        10.0744        5.11235        1.73842       0.114302       0.872221
   975        10.2596         8.0296        6.32597       0.739972      -0.769104       0.452704
   976        8.75813        9.50879        7.79579      -0.136041       -0.86191        0.11101
   977       0.890861        8.73356        7.63366      -0.559102       0.411699       -1.22069
   978        10.1121        8.42866        8.98821       0.346966        0.12547       0.690557
   979       0.520886        9.10442        8.75374       0.658776       0.763205       0.641809
   980        10.0559        8.94221        1.43573       0.293901     -0.0826022      -0.286417
   981       0.564505        9.17623        2.71269       0.522469       0.102449        2.55559
   982        10.2816        9.68218        4.12629       -1.30045     -0.0728837      -0.673925
   983        10.0028        8.93257        4.70711        0.11931      -0.686182       -1.24292
   984       0.561956        9.81309        6.01426       -2.40902      -0.151285       0.490347
   985        1.01534        8.51317        6.59229       0.790774      -0.677197       0.648188
   986        10.2513        10.1018        7.12375      -0.979426       -1.24328        0.67791
   987        9.41376        10.3926        7.59203        3.60518      -0.448337       -1.08349
   988       0.571727        9.92655        9.26057       -1.24844     -0.0950689       -1.59859
   989       0.151474       0.244209        10.1248      -0.239024       -1.29413        1.88696
   990        9.98672       0.868382       0.531543      -0.871165      -0.933842       -1.16654
   991          9.464        9.46439        2.18705      -0.876389      -0.611112      -0.135521
   992        9.54098       0.131698        4.40601        1.74753       0.497847       0.952041
   993       0.242761        10.1319        2.72069      -0.494582       0.931431       -0.61306
   994       0.512536        1.79137        5.74278        1.87788       -1.09749       0.698188
   995       0.202915       0.445452        6.09639       0.475248       0.483522      -0.678556
   996         10.071       0.558169        8.10388        1.39381      -0.587886       -1.82177
   997        0.47061        1.32145        9.07447      -0.971987       0.599672        1.10459
   998        10.2058       0.451285        9.16052        1.08401      -0.108416      -0.532721
   999        9.94993        1.50086        8.69606      -0.275345      -0.227646      -0.975218
