    0.0125              0
    0.0375              0
    0.0625              0
    0.0875              0
    0.1125              0
    0.1375              0
    0.1625              0
    0.1875              0
    0.2125              0
    0.2375              0
    0.2625              0
    0.2875              0
    0.3125              0
    0.3375              0
    0.3625              0
    0.3875              0
    0.4125              0
    0.4375              0
    0.4625              0
    0.4875              0
    0.5125              0
    0.5375              0
    0.5625              0
    0.5875              0
    0.6125              0
    0.6375              0
    0.6625              0
    0.6875              0
    0.7125              0
    0.7375              0
    0.7625              0
    0.7875              0
    0.8125              0
    0.8375              0
    0.8625    0.000113523
    0.8875     0.00328169
    0.9125      0.0476163
    0.9375       0.262472
    0.9625       0.788736
    0.9875        1.54482
    1.0125        2.23113
    1.0375        2.71121
    1.0625        2.77839
    1.0875        2.61298
    1.1125        2.38353
    1.1375        2.11017
    1.1625        1.83887
    1.1875        1.60304
    1.2125          1.386
    1.2375        1.21473
    1.2625        1.08168
    1.2875       0.960247
    1.3125       0.880127
    1.3375       0.813995
    1.3625       0.773405
    1.3875       0.733454
    1.4125       0.706843
    1.4375        0.70443
    1.4625        0.72073
    1.4875       0.727014
    1.5125       0.663546
    1.5375       0.641361
    1.5625       0.640807
    1.5875       0.639173
    1.6125       0.649025
    1.6375        0.65946
    1.6625       0.690201
    1.6875       0.725039
    1.7125       0.775127
    1.7375        0.82467
    1.7625       0.871003
    1.7875       0.927948
    1.8125       0.997607
    1.8375        1.00938
    1.8625        1.03734
    1.8875        1.07343
    1.9125        1.10284
    1.9375        1.13645
    1.9625        1.15886
    1.9875        1.18381
    2.0125        1.20603
    2.0375        1.22337
    2.0625        1.22369
    2.0875        1.22584
    2.1125        1.17971
    2.1375        1.15039
    2.1625        1.11931
    2.1875        1.08676
    2.2125        1.05991
    2.2375         1.0331
    2.2625        1.00993
    2.2875       0.993656
    2.3125       0.983631
    2.3375        1.00037
    2.3625       0.930831
    2.3875       0.899866
    2.4125       0.875928
    2.4375       0.869119
    2.4625       0.862351
    2.4875        0.86878
