n d r
1.41956e-308 0 0
1 4.68193e-313 3.84993e-161
2 1 15.8114
3 1.24301 21.2551
4 1.61377 25.2017
5 1.75357 28.2546
6 2.02909 31.3581
7 2.18279 34.0504
8 2.46328 36.7861
9 2.56907 38.9441
10 2.63188 40.0984
11 2.74023 42.3371
12 2.92589 44.3501
13 3.15659 47.4666
14 3.20385 48.7
15 3.36116 50.3286
16 3.47219 51.676
17 3.52339 53.0635
18 3.63837 54.1008
19 3.72512 55.7293
20 3.89352 57.8441
21 4.0567 59.6523
22 4.20092 61.8291
23 4.20503 62.1867
24 4.30432 63.8945
25 4.29364 63.7649
26 4.42435 65.4208
27 4.44112 66.2795
28 4.55174 67.8187
29 4.6469 69.4271
30 4.79579 70.6706
31 4.85065 72.0325
32 5.0162 72.7439
33 5.11793 74.7926
34 5.16759 75.308
35 5.13972 76.4884
36 5.30514 76.9192
37 5.34782 78.3102
38 5.40743 80.466
39 5.54283 80.9707
40 5.65168 83.2409
41 5.4916 80.9025
42 5.71516 83.272
43 5.81605 84.7789
44 5.75309 85.2587
45 6.22876 88.6836
46 6.18169 89.0054
47 5.87067 87.3574
48 6.23231 90.2292
49 6.10528 89.9841
50 6.10006 90.0854
51 6.28726 91.9069
52 6.38731 92.9694
53 6.37895 94.6105
54 6.26426 93.4579
55 6.39292 94.5209
56 6.63665 97.6478
57 6.59776 96.6834
58 6.90844 99.9064
59 6.48505 97.1419
60 6.65838 98.4702
61 6.75453 99.7776
62 6.80982 100.365
63 6.96941 102.039
64 7.11809 104.53
65 7.16846 103.837
66 7.21452 105.99
67 7.21506 104.887
68 7.25219 106.837
69 7.35285 106.538
70 7.50444 108.243
71 7.21846 106.905
72 7.42161 109.183
73 7.49985 109.61
74 7.36438 109.448
75 7.51661 110.619
76 7.76151 113.42
77 7.71649 113.658
78 7.80803 112.704
79 7.91547 115.331
80 7.76174 114.679
81 7.84455 116.484
82 7.92897 117.795
83 8.23053 119.367
84 8.02782 118.001
85 8.14611 119.86
86 8.01822 118.176
87 8.48669 122.483
88 8.5046 121.897
89 8.15966 121.355
90 8.18035 121.828
91 8.46057 123.754
92 8.53488 123.462
93 8.46781 124.066
94 8.77421 127.147
95 8.58907 126.568
96 8.66841 126.588
97 8.86257 128.086
98 8.77893 128.69
99 8.59433 127.281
