x y
0 0
1 0
1 -1
1 0
2 0
3 0
2 0
2 -1
2 0
1 0
2 0
2 -1
1 -1
0 -1
0 0
1 0
0 0
-1 0
-2 0
-2 -1
-3 -1
-3 0
-3 1
-3 0
-3 -1
-3 -2
-3 -1
-4 -1
-4 -2
-5 -2
-4 -2
-3 -2
-3 -3
-3 -4
-2 -4
-2 -3
-2 -2
-1 -2
0 -2
0 -1
-1 -1
0 -1
0 0
1 0
1 -1
1 0
1 1
2 1
3 1
3 0
4 0
4 1
3 1
3 2
3 3
3 4
3 3
2 3
2 2
1 2
1 1
1 2
0 2
1 2
1 1
0 1
0 0
-1 0
0 0
0 1
0 2
1 2
1 1
2 1
2 2
1 2
2 2
1 2
0 2
1 2
1 1
2 1
3 1
4 1
4 2
4 3
3 3
2 3
2 4
2 3
2 2
2 3
1 3
0 3
1 3
2 3
2 2
1 2
1 1
2 1
2 0
1 0
1 -1
2 -1
1 -1
1 -2
1 -1
0 -1
1 -1
1 0
1 -1
1 -2
2 -2
1 -2
0 -2
-1 -2
-1 -3
-2 -3
-2 -4
-2 -5
-3 -5
-4 -5
-4 -4
-5 -4
-4 -4
-4 -3
-3 -3
-4 -3
-5 -3
-5 -4
-5 -5
-5 -6
-6 -6
-7 -6
-8 -6
-7 -6
-7 -5
-8 -5
-9 -5
-10 -5
-11 -5
-11 -4
-12 -4
-11 -4
-12 -4
-11 -4
-11 -3
-12 -3
-12 -4
-12 -5
-11 -5
-11 -4
-10 -4
-10 -5
-11 -5
-11 -6
-12 -6
-13 -6
-13 -5
-13 -6
-12 -6
-12 -5
-13 -5
-13 -6
-13 -7
-13 -8
-13 -7
-13 -8
-13 -9
-13 -8
-13 -9
-14 -9
-14 -8
-14 -9
-14 -8
-14 -7
-14 -6
-14 -5
-14 -6
-15 -6
-16 -6
-16 -5
-17 -5
-16 -5
-16 -6
-16 -5
-17 -5
-16 -5
-16 -6
-16 -7
-16 -6
-15 -6
-16 -6
-16 -5
-16 -6
-16 -5
-15 -5
-15 -4
-14 -4
-14 -5
