    0.0125              0
    0.0375              0
    0.0625              0
    0.0875              0
    0.1125              0
    0.1375              0
    0.1625              0
    0.1875              0
    0.2125              0
    0.2375              0
    0.2625              0
    0.2875              0
    0.3125              0
    0.3375              0
    0.3625              0
    0.3875              0
    0.4125              0
    0.4375              0
    0.4625              0
    0.4875              0
    0.5125              0
    0.5375              0
    0.5625              0
    0.5875              0
    0.6125              0
    0.6375              0
    0.6625              0
    0.6875              0
    0.7125              0
    0.7375              0
    0.7625              0
    0.7875              0
    0.8125              0
    0.8375              0
    0.8625    8.19885e-05
    0.8875     0.00383311
    0.9125      0.0490244
    0.9375       0.270356
    0.9625        0.78671
    0.9875        1.51699
    1.0125         2.2041
    1.0375        2.61614
    1.0625        2.71115
    1.0875        2.63133
    1.1125        2.42551
    1.1375        2.17893
    1.1625         1.9088
    1.1875        1.66592
    1.2125        1.45723
    1.2375        1.28375
    1.2625        1.12513
    1.2875        1.00688
    1.3125       0.904987
    1.3375       0.823228
    1.3625       0.764112
    1.3875        0.71294
    1.4125       0.674661
    1.4375       0.645762
    1.4625        0.62914
    1.4875       0.612442
    1.5125       0.606838
    1.5375       0.610641
    1.5625       0.607571
    1.5875       0.620395
    1.6125       0.641458
    1.6375       0.661932
    1.6625         0.6919
    1.6875       0.735037
    1.7125        0.76952
    1.7375       0.821342
    1.7625       0.872597
    1.7875       0.920382
    1.8125       0.971935
    1.8375        1.01186
    1.8625        1.05935
    1.8875         1.1072
    1.9125        1.14826
    1.9375        1.18009
    1.9625        1.20769
    1.9875        1.22285
    2.0125        1.23612
    2.0375        1.24288
    2.0625        1.24257
    2.0875        1.23511
    2.1125        1.21153
    2.1375         1.1851
    2.1625        1.15228
    2.1875        1.11417
    2.2125        1.07581
    2.2375        1.03792
    2.2625        1.00486
    2.2875       0.970825
    2.3125        0.93587
    2.3375       0.909891
    2.3625       0.890506
    2.3875       0.873366
    2.4125       0.855751
    2.4375       0.844972
    2.4625       0.841116
    2.4875       0.841677
