    0.0125              0
    0.0375              0
    0.0625              0
    0.0875              0
    0.1125              0
    0.1375              0
    0.1625              0
    0.1875              0
    0.2125              0
    0.2375              0
    0.2625              0
    0.2875              0
    0.3125              0
    0.3375              0
    0.3625              0
    0.3875              0
    0.4125              0
    0.4375              0
    0.4625              0
    0.4875              0
    0.5125              0
    0.5375              0
    0.5625              0
    0.5875              0
    0.6125              0
    0.6375              0
    0.6625              0
    0.6875              0
    0.7125              0
    0.7375              0
    0.7625              0
    0.7875              0
    0.8125              0
    0.8375              0
    0.8625     4.7301e-05
    0.8875     0.00135023
    0.9125      0.0266567
    0.9375       0.186656
    0.9625        0.64814
    0.9875        1.40299
    1.0125        2.15662
    1.0375        2.72407
    1.0625        2.85363
    1.0875        2.74905
    1.1125        2.47573
    1.1375        2.18939
    1.1625        1.89545
    1.1875        1.64878
    1.2125        1.42532
    1.2375        1.24899
    1.2625        1.09941
    1.2875       0.977248
    1.3125       0.880354
    1.3375       0.808733
    1.3625         0.7553
    1.3875       0.715325
    1.4125       0.686908
    1.4375       0.683368
    1.4625       0.692379
    1.4875       0.697118
    1.5125       0.637983
    1.5375       0.622703
    1.5625       0.614198
    1.5875       0.629194
    1.6125       0.641016
    1.6375       0.657095
    1.6625       0.684958
    1.6875       0.717242
    1.7125       0.761857
    1.7375       0.806433
    1.7625       0.860826
    1.7875       0.918599
    1.8125       0.993236
    1.8375        1.01216
    1.8625         1.0535
    1.8875        1.07765
    1.9125         1.1143
    1.9375         1.1443
    1.9625        1.16852
    1.9875        1.19731
    2.0125        1.22121
    2.0375        1.23417
    2.0625        1.24312
    2.0875        1.24274
    2.1125        1.19906
    2.1375        1.17125
    2.1625        1.13735
    2.1875        1.10423
    2.2125        1.07117
    2.2375        1.03115
    2.2625        1.00421
    2.2875       0.983963
    2.3125       0.972826
    2.3375       0.990033
    2.3625        0.91949
    2.3875       0.888024
    2.4125       0.867681
    2.4375       0.854473
    2.4625       0.850581
    2.4875       0.852178
