    0.0125              0
    0.0375              0
    0.0625              0
    0.0875              0
    0.1125              0
    0.1375              0
    0.1625              0
    0.1875              0
    0.2125              0
    0.2375              0
    0.2625              0
    0.2875              0
    0.3125              0
    0.3375              0
    0.3625              0
    0.3875              0
    0.4125              0
    0.4375              0
    0.4625              0
    0.4875              0
    0.5125              0
    0.5375              0
    0.5625              0
    0.5875              0
    0.6125              0
    0.6375              0
    0.6625              0
    0.6875              0
    0.7125              0
    0.7375              0
    0.7625              0
    0.7875              0
    0.8125              0
    0.8375              0
    0.8625     4.7301e-05
    0.8875     0.00325487
    0.9125      0.0478787
    0.9375       0.268724
    0.9625       0.786214
    0.9875        1.51398
    1.0125         2.1841
    1.0375        2.61685
    1.0625        2.73864
    1.0875        2.65199
    1.1125        2.43165
    1.1375        2.16676
    1.1625        1.89596
    1.1875        1.65234
    1.2125        1.44806
    1.2375        1.27555
    1.2625        1.12453
    1.2875        1.01401
    1.3125       0.909134
    1.3375       0.831255
    1.3625       0.767739
    1.3875        0.71776
    1.4125       0.673378
    1.4375       0.643052
    1.4625        0.62769
    1.4875       0.613605
    1.5125       0.607056
    1.5375       0.606128
    1.5625       0.610002
    1.5875       0.623623
    1.6125       0.640657
    1.6375       0.664747
    1.6625       0.693991
    1.6875       0.733635
    1.7125       0.776444
    1.7375       0.822849
    1.7625       0.872056
    1.7875       0.920079
    1.8125       0.964905
    1.8375        1.01627
    1.8625        1.06525
    1.8875        1.10128
    1.9125        1.13778
    1.9375        1.17223
    1.9625        1.20802
    1.9875        1.23386
    2.0125        1.24748
    2.0375        1.24853
    2.0625        1.24379
    2.0875        1.22796
    2.1125        1.20449
    2.1375        1.17832
    2.1625        1.14767
    2.1875        1.11076
    2.2125        1.07942
    2.2375        1.04092
    2.2625         1.0006
    2.2875        0.96555
    2.3125       0.937122
    2.3375       0.911888
    2.3625       0.888063
    2.3875       0.871531
    2.4125       0.860098
    2.4375       0.848872
    2.4625        0.84821
    2.4875       0.847027
