n d r
1.39865e-259 4.94066e-323 0
1 0 0
2 1 15.8114
3 1.24452 21.276
4 1.60647 25.0873
5 1.7633 28.2177
6 2.00839 31.2108
7 2.08559 33.4566
8 2.34281 35.9657
9 2.51883 38.4826
10 2.74145 41.1359
11 2.85573 43.0103
12 2.92271 43.9894
13 3.0984 46.546
14 3.26465 48.4785
15 3.37503 50.1048
16 3.50731 52.2512
17 3.58363 53.7542
18 3.56932 54.1874
19 3.69666 56.1538
20 3.86545 57.3063
21 3.90734 58.6292
22 4.14536 61.6081
23 4.08049 61.4946
24 4.33473 63.6573
25 4.45037 66.2698
26 4.54186 66.5695
27 4.63533 67.4363
28 4.63096 68.414
29 4.6338 68.0483
30 4.88088 71.1584
31 4.90007 72.8414
32 4.77006 72.3298
33 5.02577 74.1732
34 5.07901 74.3464
35 5.08703 75.3243
36 5.23047 77.5315
37 5.26174 78.177
38 5.41291 80.0694
39 5.61321 81.3082
40 5.63917 82.4979
41 5.74551 84.3564
42 5.78273 83.8712
43 5.80104 85.3265
44 5.8353 85.0937
45 5.88838 86.4263
46 5.99962 87.3887
47 6.07119 88.2783
48 5.98429 89.2105
49 6.24081 91.1119
50 6.36057 92.1795
51 6.33071 93.0624
52 6.2104 91.4952
53 6.36267 93.4739
54 6.50147 95.0024
55 6.42676 95.3373
56 6.63882 95.696
57 6.42694 95.8311
58 6.73932 97.8181
59 6.67511 98.836
60 6.76464 99.7599
61 6.60344 99.914
62 6.94765 101.725
63 7.02176 100.548
64 7.06167 102.919
65 7.16159 103.77
66 6.98771 103.121
67 7.01547 104.208
68 7.25224 105.823
69 7.28098 107.071
70 7.36722 106.818
71 7.49182 108.457
72 7.49879 110.058
73 7.39022 109.068
74 7.63081 111.964
75 7.58706 111.881
76 7.65284 111.804
77 7.68004 111.356
78 7.68272 114.205
79 7.84948 114.596
80 7.97124 116.731
81 7.81424 115.526
82 8.00627 116.402
83 8.12121 118.868
84 8.04758 118.725
85 8.11538 118.982
86 8.15308 118.551
87 8.30393 120.326
88 8.28522 120.206
89 8.47114 124.331
90 8.7165 124.262
91 8.43924 122.276
92 8.20052 122.439
93 8.72649 125.02
94 8.58754 125.091
95 8.58122 125.557
96 8.50039 125.15
97 8.76462 127.181
98 8.80452 128.051
99 8.79713 129.157
