n d r
2.66213e-260 0 0
1 0 0
2 1 15.8114
3 1.18921 21.0026
4 1.56946 24.8697
5 1.7489 28.1397
6 2.04132 31.4395
7 2.2233 34.2076
8 2.45149 36.7589
9 2.46872 38.0941
10 2.69282 40.8265
11 2.771 42.6446
12 2.87868 44.2237
13 3.05196 46.3773
14 3.2859 48.5105
15 3.30142 49.9212
16 3.48384 51.4859
17 3.56213 53.4118
18 3.65675 54.8179
19 3.77582 55.7963
20 3.93753 58.3365
21 4.04386 59.4654
22 4.02643 60.6423
23 4.20445 62.0233
24 4.21267 63.3734
25 4.31979 63.7673
26 4.5269 67.081
27 4.51144 67.1956
28 4.6613 68.4043
29 4.7285 70.0359
30 4.69049 69.9849
31 4.97127 72.8963
32 5.16396 74.25
33 5.07008 73.7252
34 5.04559 75.0971
35 5.3284 78.2944
36 5.14173 76.1889
37 5.17858 77.4474
38 5.41747 80.2705
39 5.66746 82.1569
40 5.51584 81.6113
41 5.6419 83.0355
42 5.58938 83.7194
43 5.70367 85.3327
44 5.77653 84.6527
45 5.85687 87.4646
46 6.13062 88.783
47 5.98564 88.3857
48 5.91961 88.339
49 5.97046 89.2487
50 6.30264 91.3803
51 6.21925 91.94
52 6.2513 93.3652
53 6.3829 93.4776
54 6.4124 94.6032
55 6.6085 96.9431
56 6.48753 95.9526
57 6.58333 96.3332
58 6.54813 97.5766
59 6.79898 98.9953
60 6.78305 99.1626
61 6.95402 101.136
62 6.92224 101.099
63 6.87044 101.344
64 7.13389 103.989
65 7.08091 103.514
66 7.15746 104.148
67 7.0593 104.691
68 7.44642 107.832
69 7.32104 108.328
70 7.21856 106.212
71 7.41849 107.116
72 7.51571 109.678
73 7.67103 111.739
74 7.57087 111.281
75 7.64207 113.033
76 7.46541 112.057
77 7.64687 112.753
78 7.62908 113.459
79 7.90453 115.792
80 7.89807 115.599
81 7.90194 114.937
82 7.89802 115.045
83 7.92914 116.82
84 8.14154 118.686
85 8.28076 120.331
86 7.89635 117.316
87 8.32511 120.11
88 8.41883 122.839
89 8.23936 121.382
90 8.46269 123.027
91 8.2669 123.115
92 8.54297 123.131
93 8.91297 124.897
94 8.66647 125.608
95 8.66709 126.241
96 8.75978 128.337
97 8.66134 128.105
98 8.68013 128.435
99 8.51738 126.723
