n d r
8.2423e-72 3.30645e-318 0
1 0 0
2 4.42615 84.2274
3 21.5813 338.073
4 22.6999 349.534
5 48.4128 644.243
6 98.6297 1225.89
7 144.675 1598.44
8 174.092 1812.87
9 157.665 1566.77
10 152.817 1443.52
11 155.322 1437.21
12 76.1972 702.111
13 63.9225 618.076
14 145.179 1198.85
15 141.84 1165.44
16 209.375 1609.86
17 191.237 1426.54
18 256.193 1855.1
19 281.216 1981.87
20 412.13 2844.61
21 440.046 2953.21
22 420.933 2757.12
23 394.642 2530.55
24 342.548 2153.68
25 385.787 2396.58
26 382.544 2336.38
27 344.013 2054.12
28 344.832 2021.96
29 416.417 2400.2
30 305.297 1751.73
31 130.926 805.091
32 37.5061 239.258
33 39.4906 247
34 47.1996 295.269
35 42.8202 268.634
36 79.0116 470.504
37 87.2148 515.737
38 213.899 1098.18
39 299.725 1509.22
40 244.034 1231.07
41 331.939 1643.42
42 511.768 2476.01
43 525.691 2499.56
44 490.042 2314.37
45 501.1 2341.79
46 716.588 3332.09
47 694 3169.15
48 636.559 2879.28
49 614.959 2743.24
50 564.846 2498.99
51 546.165 2394.03
52 681.132 2983.13
53 847.669 3638.03
54 706.385 3002.86
55 652.07 2748.65
56 798.667 3350.4
57 701.673 2916.33
58 676.381 2779.42
59 608.111 2479.57
60 575.663 2327.16
61 469.962 1920.75
62 205.246 825.791
63 395.006 1570.67
64 693.969 2755.94
65 10.5538 146.125
66 7.32623 104.578
67 7.21186 104.084
68 7.41581 106.962
69 7.29423 106.279
70 7.52196 108.145
71 7.36153 106.563
72 7.50523 107.958
73 7.58062 109.711
74 7.56789 109.555
75 7.72278 111.989
76 7.8517 111.786
77 7.8093 112.311
78 7.86794 114.623
79 7.93248 113.124
80 7.99338 115.953
81 8.04092 116.271
82 8.00825 116.003
83 8.23397 118.291
84 8.14599 117.141
85 7.99413 117
86 8.50236 121.591
87 8.28637 120.774
88 8.31777 120.897
89 8.4391 122.515
90 8.57606 124.28
91 8.53825 123.658
92 8.56582 123.669
93 8.6776 124.164
94 8.64992 126.559
95 8.78848 126.048
96 8.58457 125.228
97 8.87888 126.082
98 8.70409 126.511
99 9.01276 131.064
