n d r
6.37103e-67 8.32205e-316 0
1 9.88131e-324 7.17551e-124
2 18.6936 313.563
3 61.9062 963.018
4 114.656 1578.37
5 146.169 1837.83
6 100.671 1204.75
7 118.137 1316.85
8 89.9479 932.781
9 114.743 1174.36
10 172.063 1638.42
11 143.811 1299.79
12 139.101 1212.94
13 70.71 610.068
14 90.1129 751.057
15 128.172 1016.07
16 81.9759 664.886
17 92.6386 722.23
18 49.229 386.785
19 96.7569 717.451
20 79.3332 617.603
21 164.85 1148.18
22 198.942 1332.29
23 239.181 1543.06
24 156.402 996.975
25 142.451 897.507
26 184.48 1132.96
27 107.213 650.153
28 160.125 985.487
29 295.726 1706.45
30 194.892 1109.1
31 101.511 616.964
32 130.709 766.758
33 194.804 1114.2
34 378.914 2036.6
35 466.501 2455.73
36 472.045 2445.51
37 618.752 3167.53
38 578.191 2919.3
39 544.798 2713.91
40 300.324 1524.97
41 143.927 704.64
42 201.409 1055.16
43 260.428 1251.78
44 215.435 1023.58
45 431.885 2054.73
46 643.101 2986.29
47 812.184 3697.73
48 861.588 3903.06
49 1035.17 4619.06
50 987.698 4361.14
51 1157.16 5079.65
52 1135.5 4916.49
53 969.906 4168.01
54 734.548 3134.7
55 722.014 3042.84
56 717.816 2997.88
57 794.284 3294.11
58 938.077 3860.2
59 777.989 3176
60 686.738 2779.52
61 778.805 3126.87
62 772.192 3074.05
63 741.182 2923.92
64 870.208 3412.89
65 42.5648 227.537
66 65.4795 320.267
67 246.448 1005.31
68 76.3993 333.935
69 60.9733 293.182
70 97.8297 414.744
71 29.1683 164.845
72 102.356 520.848
73 70.2243 336.295
74 222.847 880.134
75 106.799 420.938
76 62.0466 294.081
77 53.2588 249.254
78 82.4941 359.54
79 87.0128 365.7
80 112.582 484.256
81 75.6244 320.942
82 162.439 615.356
83 168.492 628.019
84 34.1724 176.454
85 79.8918 334.18
86 133.481 540.955
87 74.366 306.409
88 104.359 459.144
89 255.393 959.93
90 189.791 733.503
91 46.8729 211.6
92 69.1419 332.526
93 313.355 1150.7
94 71.5252 318.06
95 66.0498 289.331
96 309.704 1047.32
97 183.982 630.533
98 124.877 444.95
99 127.582 485.26
